KOR,KOR,95,180,275,1029639140,13764738564,14794377704,1,0.010747,0.264708
CHN,CHN,114,190,304,30530766451,8473590442,39004356893,1,0.014519,0.244519
MYS,MYS,68,134,202,488026291,7251520523,7739546814,1,0.006454,0.379366
DEU,DEU,110,194,304,3858260675,6650882925,10509143600,0,0.013959,0.23907
THA,THA,90,180,270,822416403,4908221812,5730638215,1,0.013365,0.259266
JPN,JPN,72,180,252,886453652,4586727551,5473181203,1,0.006393,0.264708
USA,USA,110,168,278,2865020617,4444678636,7309699253,0,0.013911,0.285999
ITA,ITA,97,185,282,2807373895,4217796047,7025169942,0,0.011597,0.259721
IDN,IDN,80,176,256,1135329135,3182328609,4317657744,1,0.009664,0.256148
BEL,BEL,84,168,252,1818124367,2476425255,4294549622,0,0.007353,0.303928
FRA,FRA,129,178,307,3487996212,2217741231,5705737443,0,0.019853,0.260164
GBR,GBR,105,197,302,3382639358,2103110682,5485750040,0,0.012324,0.235678
NLD,NLD,97,172,269,1633364951,1453669461,3087034412,0,0.00963,0.293655
ESP,ESP,96,155,251,1848593415,1164516926,3013110341,0,0.010115,0.327124
CAN,CAN,105,143,248,1219215967,1062946287,2282162254,0,0.013339,0.327998
AUT,AUT,101,154,255,644689021,789023538,1433712559,0,0.013299,0.307384
VNM,VNM,46,95,141,816594416,768689148,1585283564,1,0.004335,0.520707
TUR,TUR,84,131,215,881243947,745737841,1626981788,0,0.008852,0.396078
MEX,MEX,83,109,192,1314867826,698924913,2013792739,0,0.008552,0.457917
IND,IND,88,173,261,693441745,693310276,1386752021,0,0.008728,0.289152
CHE,CHE,76,164,240,606492297,684830242,1291322539,0,0.007014,0.311425
SWE,SWE,64,146,210,512340107,613670582,1126010689,0,0.005365,0.364761
LUX,LUX,34,90,124,115056170,554612639,669668809,0,0.002575,0.573159
SVK,SVK,67,81,148,159515383,552557800,712073183,0,0.005326,0.595006
IRL,IRL,66,98,164,412438850,424354963,836793813,0,0.005733,0.51195
CZE,CZE,85,121,206,664076401,405035434,1069111835,0,0.008766,0.419029
DNK,DNK,65,144,209,504094856,388781091,892875947,0,0.005272,0.36705
PRT,PRT,74,134,208,446200040,361383824,807583864,0,0.006426,0.370599
ISR,ISR,56,117,173,210612126,348995725,559607851,0,0.004376,0.447849
FIN,FIN,62,119,181,258040097,318809932,576850029,0,0.00458,0.448898
SGP,SGP,72,153,225,510920529,311898443,822818972,1,0.006587,0.310711
POL,POL,61,93,154,976976029,311045725,1288021754,0,0.005032,0.539064
HUN,HUN,67,92,159,284444948,251609467,536054415,0,0.005106,0.559015
BLR,BLR,49,49,98,52932479,223592949,276525428,0,0.004004,0.708653
BRA,BRA,74,122,196,633435802,207027061,840462863,3,0.007225,0.411746
AUS,AUS,80,130,210,620315848,199654777,819970625,2,0.007343,0.349703
GRC,GRC,73,134,207,302423308,189646612,492069920,0,0.005891,0.379774
ARG,ARG,62,67,129,291679308,186457105,478136413,3,0.00538,0.642563
PHL,PHL,78,94,172,1133777175,183008645,1316785820,1,0.009464,0.430025
ZAF,ZAF,100,133,233,310119012,176431509,486550521,0,0.012451,0.343969
SAU,SAU,61,93,154,330883032,167980511,498863543,2,0.00476,0.500666
NOR,NOR,72,98,170,230167966,140074078,370242044,0,0.005763,0.501904
SVN,SVN,74,86,160,131605881,129512737,261118618,0,0.008073,0.514366
COL,COL,65,65,130,195598161,113077949,308676110,3,0.005832,0.550562
RUS,RUS,83,103,186,789730428,92411893,882142321,0,0.00893,0.462597
LTU,LTU,64,73,137,116847160,68728194,185575354,0,0.005219,0.556305
ARE,ARE,78,127,205,421655229,65439674,487094903,2,0.008009,0.369848
ROU,ROU,68,69,137,215910896,62133803,278044699,0,0.005179,0.648599
PRK,PRK,20,76,96,35113849,53550607,88664456,1,0.001752,0.482234
CRI,CRI,62,57,119,59811421,48414678,108226099,0,0.006622,0.574383
PER,PER,58,48,106,106398337,48101971,154500308,3,0.005521,0.694708
CHL,CHL,63,46,109,212808503,45240312,258048815,3,0.004861,0.711758
BGR,BGR,80,104,184,114977450,43678610,158656060,0,0.009343,0.441947
NZL,NZL,64,95,159,149588955,42639806,192228761,2,0.005288,0.449029
LKA,LKA,58,75,133,470336213,31865723,502201936,0,0.005053,0.583015
VEN,VEN,67,59,126,119468687,30093925,149562612,3,0.006537,0.57565
HRV,HRV,57,53,110,85398403,29357761,114756164,0,0.00508,0.653832
ECU,ECU,57,41,98,105191174,27911829,133103003,3,0.005776,0.658646
GTM,GTM,56,36,92,89288677,26526064,115814741,3,0.005943,0.649706
IRN,IRN,62,78,140,330699797,24545231,355245028,2,0.006684,0.525641
UKR,UKR,76,74,150,210953033,22105672,233058705,0,0.007902,0.487116
SCG,SCG,53,38,91,45779719,19969864,65749583,0,0.005661,0.700159
SLV,SLV,56,25,81,67765982,19768349,87534331,3,0.006709,0.656215
PAK,PAK,50,97,147,104840120,18223600,123063720,0,0.004029,0.512828
EGY,EGY,69,76,145,336646284,18145047,354791331,2,0.005464,0.624347
JOR,JOR,62,59,121,76857904,17318735,94176639,2,0.004836,0.628481
LVA,LVA,50,52,102,73818657,16517558,90336215,0,0.003542,0.666027
TUN,TUN,71,60,131,123559148,14938394,138497542,0,0.00813,0.548689
CIV,CIV,51,41,92,43354268,14922143,58276411,0,0.005046,0.531677
URY,URY,53,31,84,42790364,14586647,57377011,3,0.004186,0.783333
BHR,BHR,53,18,71,23473426,14474478,37947904,2,0.00379,0.820489
EST,EST,61,54,115,64437411,14357894,78795305,0,0.005854,0.593364
SYR,SYR,50,59,109,106551528,14352718,120904246,1,0.003764,0.619304
MKD,MKD,49,29,78,26388537,14091092,40479629,0,0.004762,0.780479
NPL,NPL,31,14,45,34395625,13460393,47856018,0,0.002497,0.932773
UZB,UZB,39,17,56,6791606,11630858,18422464,2,0.00314,0.848432
OMN,OMN,48,44,92,20590701,11330977,31921678,2,0.003555,0.640845
MAR,MAR,69,55,124,193946562,11076996,205023558,0,0.00599,0.580059
PAN,PAN,58,42,100,40694820,10134971,50829791,0,0.004944,0.628108
QAT,QAT,50,28,78,24280838,8804210,33085048,2,0.003778,0.786967
KWT,KWT,53,35,88,38447539,8642333,47089872,2,0.003978,0.780601
LBN,LBN,68,72,140,52494992,7645295,60140287,2,0.006676,0.471154
NGA,NGA,85,33,118,460964857,7567040,468531897,0,0.013441,0.427887
CYP,CYP,59,76,135,34799919,7255871,42055790,0,0.004355,0.607993
SWZ,SWZ,16,29,45,8032546,6754447,14786993,0,0.002031,0.757143
TTO,TTO,59,42,101,24143894,5862932,30006826,0,0.006126,0.472456
BGD,BGD,61,35,96,555733529,5332019,561065548,1,0.006913,0.620205
KEN,KEN,57,46,103,57140335,5251552,62391887,0,0.00587,0.552281
BWA,BWA,33,12,45,14325836,5023831,19349667,0,0.003937,0.719772
MLT,MLT,49,46,95,12856088,4246305,17102393,0,0.003603,0.753606
HND,HND,45,21,66,43856912,2758704,46615616,0,0.004398,0.754876
MDG,MDG,43,39,82,24268874,2585243,26854117,0,0.004287,0.689223
GHA,GHA,60,26,86,22840881,2503200,25344081,0,0.006452,0.609548
ZWE,ZWE,49,21,70,36035717,2153131,38188848,1,0.005296,0.629462
KHM,KHM,41,22,63,307181718,2110755,309292473,1,0.003704,0.703053
SEN,SEN,58,23,81,121218673,2026228,123244901,1,0.006171,0.594366
PRY,PRY,35,9,44,13532801,1799805,15332606,0,0.002848,0.875533
NAM,NAM,32,24,56,8711535,1706913,10418448,0,0.00341,0.627378
MUS,MUS,51,30,81,101991329,1522189,103513518,1,0.004241,0.643443
ISL,ISL,50,46,96,17919843,1460725,19380568,0,0.003821,0.732787
DOM,DOM,46,32,78,24531437,1451650,25983087,0,0.00439,0.743734
MDA,MDA,50,28,78,14750999,1289360,16040359,0,0.004031,0.80014
GUY,GUY,39,15,54,41701118,1015310,42716428,0,0.004508,0.693939
TGO,TGO,31,22,53,42544896,983949,43528845,0,0.004049,0.612079
AZE,AZE,46,17,63,12038097,874176,12912273,0,0.003474,0.802353
NIC,NIC,42,15,57,23621397,826222,24447619,0,0.004489,0.772222
BIH,BIH,30,15,45,18586028,815629,19401657,0,0.002461,0.951613
MLI,MLI,27,19,46,6566813,761486,7328299,0,0.003916,0.689076
BEN,BEN,42,14,56,17448359,618625,18066984,0,0.004835,0.702525
KGZ,KGZ,41,16,57,7722753,563590,8286343,1,0.003658,0.774746
KAZ,KAZ,41,14,55,24481023,545691,25026714,0,0.003216,0.821717
SOM,SOM,10,4,14,1220750,529413,1750163,2,0.001373,0.858974
NCL,NCL,37,10,47,4985504,522637,5508141,0,0.003401,0.757927
CMR,CMR,49,17,66,20235837,459136,20694973,1,0.00463,0.665457
ALB,ALB,40,14,54,15924322,438492,16362814,0,0.003335,0.856098
MMR,MMR,24,16,40,170654547,422205,171076752,1,0.00205,0.830688
BRB,BRB,52,28,80,7567794,421147,7988941,0,0.006263,0.634973
TZA,TZA,57,21,78,15882951,419589,16302540,0,0.006687,0.53867
ZMB,ZMB,46,16,62,11294061,376190,11670251,0,0.005975,0.609269
AND,AND,24,12,36,4132149,329463,4461612,0,0.002123,0.881609
VGB,VGB,11,9,20,117745,327213,444958,0,0.001679,0.652632
TKM,TKM,39,9,48,11111036,314042,11425078,0,0.003891,0.722038
FJI,FJI,34,25,59,12317406,312835,12630241,0,0.003535,0.511525
BFA,BFA,39,8,47,21974791,312337,22287128,1,0.004668,0.738192
SLE,SLE,39,16,55,8398844,306656,8705500,0,0.004521,0.734043
TJK,TJK,22,9,31,1125361,259302,1384663,0,0.002349,0.867692
VCT,VCT,34,11,45,3692891,233741,3926632,0,0.00377,0.602564
BOL,BOL,41,12,53,62605953,211492,62817445,1,0.003376,0.878049
GEO,GEO,38,21,59,4143016,206305,4349321,0,0.004096,0.785714
UMI,UMI,4,5,9,20302478,201627,20504105,1,0.00097,0.833333
DMA,DMA,37,25,62,1716811,197946,1914757,0,0.005236,0.60592
JAM,JAM,59,22,81,18301618,187037,18488655,0,0.005629,0.636304
BTN,BTN,6,5,11,81278,186667,267945,0,0.001022,0.788889
YEM,YEM,33,6,39,21350436,175142,21525578,2,0.002543,0.864114
GAB,GAB,45,14,59,3295120,154362,3449482,0,0.00445,0.713424
NER,NER,35,15,50,5387542,148202,5535744,0,0.00507,0.728846
CAF,CAF,15,6,21,323666,147770,471436,0,0.001993,0.777778
CUB,CUB,57,16,73,24119026,146457,24265483,0,0.005487,0.676339
SUR,SUR,33,14,47,3010026,135563,3145589,0,0.003057,0.752362
ARM,ARM,38,9,47,8357057,132837,8489894,0,0.003081,0.832172
SDN,SDN,53,9,62,32973797,126396,33100193,0,0.007112,0.62688
SMR,SMR,9,11,20,341021,116386,457407,0,0.00119,0.92381
SLB,SLB,13,2,15,565931,110577,676508,2,0.002085,0.847619
LAO,LAO,17,6,23,12750196,109315,12859511,1,0.001696,0.931579
FRO,FRO,35,11,46,3784458,104805,3889263,0,0.002994,0.841394
BHS,BHS,33,14,47,9151487,104551,9256038,0,0.002891,0.66722
UGA,UGA,46,13,59,7206211,99766,7305977,0,0.004218,0.639064
MWI,MWI,28,9,37,4640196,97672,4737868,0,0.003258,0.762097
DZA,DZA,63,16,79,88621651,94684,88716335,0,0.005335,0.732212
BRN,BRN,25,8,33,5244278,94403,5338681,1,0.002148,0.96
BLZ,BLZ,39,7,46,8739631,88431,8828062,3,0.003645,0.836585
BMU,BMU,11,5,16,45434,83646,129080,1,0.001393,0.980952
LBY,LBY,41,4,45,8935553,81430,9016983,0,0.003164,0.848432
ASM,ASM,10,9,19,363277,78367,441644,1,0.001245,0.785714
PYF,PYF,39,7,46,9382988,71539,9454527,0,0.003059,0.819491
SHN,SHN,4,5,9,282339,70868,353207,0,0.000939,0.875
MHL,MHL,16,2,18,74860,69670,144530,0,0.001725,0.803922
ETH,ETH,48,10,58,20682872,58747,20741619,1,0.005017,0.727504
IOT,IOT,3,5,8,10235,46949,57184,0,0.000854,0.833333
AFG,AFG,20,16,36,44774729,44253,44818982,1,0.002115,0.793103
TCD,TCD,14,4,18,688091,41199,729290,0,0.00217,0.753676
ATG,ATG,39,19,58,1266799,41034,1307833,0,0.004734,0.6
GMB,GMB,31,11,42,39645704,40393,39686097,1,0.004134,0.724022
TKL,TKL,4,6,10,289869,35529,325398,0,0.000932,0.892857
PSE,PSE,10,3,13,816880,33806,850686,2,0.001326,0.977273
GRD,GRD,30,9,39,1209874,33069,1242943,0,0.00417,0.734454
GUM,GUM,10,2,12,269989,32702,302691,0,0.001247,1
PNG,PNG,29,5,34,11324011,32282,11356293,1,0.002413,0.804301
AIA,AIA,14,4,18,193612,32054,225666,0,0.003144,0.766667
MNG,MNG,29,5,34,17354481,29645,17384126,0,0.002296,0.981609
LBR,LBR,32,8,40,795888,29408,825296,0,0.002852,0.788762
LSO,LSO,9,3,12,783756,27374,811130,1,0.001541,0.845455
CPV,CPV,28,9,37,2573776,27281,2601057,0,0.00293,0.797849
HTI,HTI,24,5,29,2692589,23557,2716146,1,0.002524,0.836182
ABW,ABW,26,7,33,773402,23333,796735,0,0.002885,0.735632
RWA,RWA,18,3,21,470545,22488,493033,0,0.002459,0.757895
MDV,MDV,31,5,36,4072875,20135,4093010,1,0.002341,0.985887
IRQ,IRQ,25,2,27,3830600,19139,3849739,0,0.002147,0.950769
STP,STP,12,5,17,538135,18005,556140,0,0.003224,0.738095
MNP,MNP,6,3,9,995191,16990,1012181,1,0.000993,1
MOZ,MOZ,47,12,59,9335369,15261,9350630,0,0.005331,0.685014
CCK,CCK,3,3,6,21078,15028,36106,2,0.000923,0.533333
MRT,MRT,34,3,37,4756166,13300,4769466,0,0.003252,0.827731
ESH,ESH,1,2,3,44342,11800,56142,0,0.000762,0.666667
FLK,FLK,5,2,7,15548,11494,27042,0,0.00096,1
LCA,LCA,38,5,43,2451298,9497,2460795,0,0.004543,0.720513
SPM,SPM,5,1,6,129913,7430,137343,0,0.001148,1
DJI,DJI,19,5,24,6944939,7382,6952321,1,0.001825,0.849802
ERI,ERI,16,2,18,1514454,7000,1521454,0,0.00165,0.929167
COD,COD,27,7,34,3484232,6748,3490980,1,0.004748,0.762366
GRL,GRL,12,5,17,677842,6715,684557,0,0.001484,0.775
NRU,NRU,8,2,10,48631,6315,54946,0,0.001215,0.922222
GIB,GIB,14,5,19,211211,5617,216828,0,0.001469,0.875817
COK,COK,7,3,10,171743,5186,176929,2,0.001134,0.946429
KNA,KNA,17,2,19,278337,4930,283267,0,0.00282,0.725146
TLS,TLS,5,2,7,196123,4640,200763,1,0.000927,0.928571
SYC,SYC,36,4,40,2063667,4619,2068286,0,0.002775,0.924609
NIU,NIU,2,1,3,3785,4578,8363,0,0.000886,1
TCA,TCA,7,4,11,3313025,4205,3317230,0,0.001644,0.6
GIN,GIN,38,7,45,14787801,3246,14791047,1,0.003968,0.783972
CYM,CYM,14,5,19,1237129,2420,1239549,3,0.001861,0.790441
TUV,TUV,6,3,9,57445,2131,59576,0,0.001085,0.763889
WSM,WSM,12,4,16,1593703,2114,1595817,2,0.001349,0.906593
VAT,VAT,2,1,3,14026,1260,15286,0,0.000825,0.666667
COG,COG,33,1,34,6561909,1110,6563019,1,0.003671,0.78877
CXR,CXR,1,1,2,144282,1107,145389,2,0.000767,1
AGO,AGO,36,2,38,7127863,941,7128804,0,0.002988,0.802276
TON,TON,12,1,13,354926,680,355606,2,0.001407,0.955128
BDI,BDI,22,2,24,542064,330,542394,0,0.003679,0.744565
COM,COM,15,2,17,167074,257,167331,0,0.001921,0.801471
FSM,FSM,10,2,12,163030,227,163257,1,0.001238,0.916667
KIR,KIR,6,2,8,109373,137,109510,2,0.00108,0.75
MSR,MSR,12,3,15,72774,112,72886,0,0.002069,0.814103
GNB,GNB,13,1,14,412061,16,412077,0,0.001913,0.807692
PCN,PCN,1,1,2,3388,4,3392,1,0.000784,1
ATF,ATF,2,1,3,263,3,266,2,0.000887,1
MYT,MYT,27,0,27,1147983,0,1147983,0,0.00329,0.860399
VUT,VUT,18,0,18,949340,0,949340,0,0.001983,0.888889
GNQ,GNQ,10,0,10,174752,0,174752,0,0.001713,0.822222
WLF,WLF,19,0,19,133076,0,133076,0,0.002332,0.850877
NFK,NFK,4,0,4,69652,0,69652,2,0.000911,1
PLW,PLW,5,0,5,30403,0,30403,0,0.001031,1
SGS,SGS,1,0,1,6472,0,6472,1,0.000765,1
ATA,ATA,3,0,3,5415,0,5415,0,0.000881,1
