USA,USA,48,92,140,261186582,410182579,671369161,2,0.049339,0.079731
DEU,DEU,44,62,106,136383181,368950143,505333324,5,0.039472,0.144425
NLD,NLD,39,62,101,238164129,266433818,504597947,5,0.03529,0.1436
JPN,JPN,19,29,48,9584951,98803764,108388715,2,0.027387,0.349462
CAN,CAN,18,22,40,83135174,90444413,173579587,2,0.015654,0.341379
MEX,MEX,9,21,30,12643066,72809325,85452391,2,0.00786,0.276667
BEL,BEL,14,23,37,64040044,68762664,132802708,5,0.012321,0.458333
SGP,SGP,20,22,42,13547771,57299005,70846776,1,0.018586,0.355172
FRA,FRA,11,20,31,15909594,46414632,62324226,3,0.010596,0.45
CHE,CHE,15,22,37,27179748,39030337,66210085,5,0.018273,0.455
GBR,GBR,20,33,53,25895118,33474278,59369396,5,0.017792,0.286508
ITA,ITA,22,26,48,75432411,26572561,102004972,5,0.019724,0.341133
SWE,SWE,14,33,47,5981293,23683598,29664891,5,0.00954,0.350267
KOR,KOR,15,24,39,18543730,22195818,40739548,2,0.01237,0.386699
ESP,ESP,26,29,55,37573397,18150434,55723831,3,0.022309,0.220093
RUS,RUS,5,10,15,350499,14726974,15077473,4,0.004344,0.554545
DNK,DNK,17,23,40,11394429,13866277,25260706,5,0.013612,0.4
MYS,MYS,17,14,31,50991189,10241797,61232986,1,0.014653,0.403986
HUN,HUN,13,17,30,7792086,9615367,17407453,4,0.007932,0.547368
AUT,AUT,12,16,28,6408940,7545894,13954834,4,0.008628,0.488304
CHN,CHN,31,16,47,314279687,6159293,320438980,2,0.028847,0.346774
AUS,AUS,11,16,27,3548263,5985883,9534146,0,0.010178,0.44152
IDN,IDN,20,20,40,109519673,5568386,115088059,5,0.01812,0.44
POL,POL,6,8,14,1622951,5209242,6832193,4,0.004772,0.633333
SAU,SAU,22,17,39,14976939,4811420,19788359,3,0.033914,0.25977
FIN,FIN,11,14,25,3181138,4805631,7986769,5,0.007156,0.459559
CSK,CSK,6,9,15,1713268,4510752,6224020,5,0.004654,0.636364
NOR,NOR,6,8,14,1273219,4221135,5494354,5,0.004739,0.763889
IRL,IRL,32,11,43,62759977,4065206,66825183,4,0.033397,0.307487
PAK,PAK,11,4,15,8671740,3900192,12571932,4,0.010586,0.456044
IND,IND,32,15,47,48231007,3624475,51855482,2,0.028604,0.317568
PRT,PRT,13,13,26,15085653,3619697,18705350,5,0.010277,0.504167
MAC,MAC,1,1,2,787709,3540450,4328159,2,0.003357,1
TUR,TUR,19,10,29,7876586,3405513,11282099,4,0.016413,0.380952
THA,THA,14,14,28,2568473,3196468,5764941,2,0.011414,0.627451
ROU,ROU,6,11,17,758919,2759212,3518131,4,0.004548,0.538462
NZL,NZL,4,6,10,148412,1907272,2055684,0,0.003763,0.625
ISL,ISL,2,2,4,12092,1697008,1709100,5,0.002764,1
SCG,SCG,12,11,23,907699,1303566,2211265,4,0.010956,0.4875
LVA,LVA,2,2,4,45105,1247500,1292605,5,0.002821,1
VEN,VEN,2,4,6,752952,1207314,1960266,3,0.002718,0.65
LKA,LKA,7,7,14,348359,995621,1343980,2,0.00785,0.75
SVN,SVN,4,4,8,347767,992415,1340182,4,0.004365,0.8
HRV,HRV,9,7,16,3017856,943916,3961772,4,0.006671,0.484848
GRC,GRC,18,9,27,18192778,927869,19120647,5,0.011307,0.492105
NGA,NGA,4,1,5,1200736,896812,2097548,4,0.00391,0.9
BRA,BRA,6,9,15,3603210,781802,4385012,2,0.008487,0.325758
BLR,BLR,0,2,2,0,723182,723182,5,0.001824,1
IRN,IRN,4,2,6,256898,642510,899408,4,0.00449,0.8
ISR,ISR,8,4,12,3168640,621764,3790404,5,0.007441,0.638889
PRK,PRK,1,1,2,610520,536812,1147332,2,0.002626,1
UKR,UKR,2,3,5,520105,511378,1031483,5,0.002821,1
ARE,ARE,7,4,11,1754692,419156,2173848,2,0.009135,0.553571
BGR,BGR,5,5,10,108689,394197,502886,4,0.00522,0.833333
PHL,PHL,12,6,18,19367793,371776,19739569,2,0.008866,0.670833
ECU,ECU,5,7,12,952066,304025,1256091,2,0.004242,0.4
GEO,GEO,0,1,1,0,263437,263437,4,0.001824,1
ARG,ARG,5,3,8,684498,260022,944520,2,0.011291,0.8
PNG,PNG,2,1,3,109468,241511,350979,5,0.003135,1
QAT,QAT,1,1,2,20000,235449,255449,1,0.003519,0.5
KEN,KEN,6,3,9,358033,201187,559220,4,0.005925,0.569444
COL,COL,9,2,11,2148151,181201,2329352,3,0.007086,0.422222
URY,URY,3,2,5,47772,180187,227959,2,0.003252,0.75
EGY,EGY,6,2,8,137729,179397,317126,2,0.005337,0.738095
CHL,CHL,7,3,10,6498800,136072,6634872,2,0.007387,0.388889
CYP,CYP,3,3,6,42214,117073,159287,3,0.004002,0.566667
BGD,BGD,9,1,10,332383,111388,443771,2,0.00945,0.75
ALB,ALB,0,1,1,0,106000,106000,4,0.001824,1
SYR,SYR,5,1,6,1361442,101800,1463242,3,0.005352,0.7
CRI,CRI,2,1,3,2283064,95207,2378271,2,0.002598,1
OMN,OMN,3,3,6,27160,72125,99285,2,0.005944,0.65
FRO,FRO,2,1,3,27339,51515,78854,5,0.002811,1
LBN,LBN,8,1,9,380724,49359,430083,3,0.008111,0.642857
PRY,PRY,2,1,3,177193,48000,225193,2,0.003082,0.5
LTU,LTU,2,1,3,42934,40800,83734,5,0.002504,1
PAN,PAN,1,2,3,250796,40250,291046,2,0.00228,0.833333
HND,HND,2,1,3,536616,37976,574592,2,0.002598,1
GAB,GAB,1,1,2,85,34000,34085,1,0.002308,1
ABW,ABW,1,1,2,6375,33531,39906,2,0.002308,1
CIV,CIV,2,1,3,169526,31968,201494,2,0.002764,1
TZA,TZA,2,1,3,51320,31406,82726,4,0.002764,1
AND,AND,0,1,1,0,28429,28429,3,0.001824,1
FJI,FJI,1,1,2,8312,26250,34562,0,0.002365,1
MOZ,MOZ,0,1,1,0,26113,26113,2,0.001824,1
MLT,MLT,0,1,1,0,20300,20300,5,0.001824,1
SLE,SLE,2,1,3,143612,16277,159889,5,0.002764,1
TTO,TTO,1,2,3,358162,16202,374364,2,0.00228,1
BMU,BMU,1,1,2,386,14437,14823,4,0.00228,1
CUB,CUB,1,1,2,97,10875,10972,3,0.002365,1
AZE,AZE,0,1,1,0,10875,10875,4,0.001824,1
SPM,SPM,0,1,1,0,10000,10000,5,0.001824,1
JOR,JOR,3,1,4,390713,9000,399713,3,0.004714,0.833333
BRN,BRN,4,1,5,52919,9000,61919,1,0.004541,0.666667
EST,EST,2,1,3,25000,7812,32812,5,0.002611,1
BOL,BOL,6,1,7,831305,6000,837305,2,0.006587,0.5
SOM,SOM,0,1,1,0,4625,4625,4,0.001824,1
PER,PER,6,1,7,562058,3375,565433,2,0.009086,0.547619
SYC,SYC,0,1,1,0,1375,1375,5,0.001824,1
BHR,BHR,2,1,3,40597,350,40947,3,0.00514,0.833333
SUR,SUR,1,1,2,4625,277,4902,2,0.00228,1
MMR,MMR,9,0,9,3912931,0,3912931,1,0.012448,0.642857
MAR,MAR,5,0,5,2030535,0,2030535,3,0.004397,0.95
VGB,VGB,1,0,1,1625375,0,1625375,2,0.002142,1
GTM,GTM,2,0,2,1592444,0,1592444,2,0.002598,1
DOM,DOM,1,0,1,1286169,0,1286169,2,0.00228,1
CYM,CYM,1,0,1,1002125,0,1002125,2,0.002142,1
VNM,VNM,8,0,8,956320,0,956320,1,0.007728,0.696429
TUN,TUN,5,0,5,888555,0,888555,2,0.0044,0.9
SLV,SLV,1,0,1,822544,0,822544,2,0.00228,1
NER,NER,2,0,2,465112,0,465112,5,0.002764,1
KWT,KWT,2,0,2,452491,0,452491,3,0.004173,0.5
JAM,JAM,3,0,3,325642,0,325642,2,0.003343,1
GHA,GHA,2,0,2,207999,0,207999,2,0.003901,1
NIC,NIC,2,0,2,196104,0,196104,2,0.002885,1
SEN,SEN,1,0,1,168863,0,168863,2,0.00228,1
DZA,DZA,1,0,1,158699,0,158699,5,0.002365,1
MDG,MDG,3,0,3,107472,0,107472,3,0.003705,0.833333
BIH,BIH,1,0,1,99000,0,99000,4,0.002634,1
TGO,TGO,1,0,1,93933,0,93933,2,0.00228,1
ANT,ANT,2,0,2,42972,0,42972,2,0.002764,1
BEN,BEN,1,0,1,38257,0,38257,2,0.00228,1
COD,COD,2,0,2,38035,0,38035,2,0.002764,1
AGO,AGO,2,0,2,28456,0,28456,2,0.002952,1
GUY,GUY,1,0,1,24952,0,24952,2,0.00228,1
GMB,GMB,1,0,1,24003,0,24003,2,0.00228,1
FLK,FLK,1,0,1,20000,0,20000,5,0.00207,1
SHN,SHN,1,0,1,15000,0,15000,2,0.002429,1
ZMB,ZMB,1,0,1,14937,0,14937,2,0.00228,1
GIN,GIN,1,0,1,14750,0,14750,2,0.00228,1
BLZ,BLZ,2,0,2,14674,0,14674,2,0.002598,1
MRT,MRT,1,0,1,8437,0,8437,5,0.002594,1
HTI,HTI,1,0,1,8250,0,8250,2,0.00228,1
LBY,LBY,1,0,1,4500,0,4500,3,0.002478,1
CPV,CPV,1,0,1,2324,0,2324,5,0.002496,1
SLB,SLB,1,0,1,1062,0,1062,0,0.002365,1
GRL,GRL,1,0,1,721,0,721,5,0.002327,1
GIB,GIB,1,0,1,492,0,492,4,0.004405,1
VUT,VUT,1,0,1,375,0,375,0,0.002365,1
LCA,LCA,1,0,1,140,0,140,2,0.002793,1
