USA,USA,72,105,177,697290980,2013706147,2710997127,1,0.035698,0.124357
JPN,JPN,27,43,70,17680954,978610496,996291450,1,0.010027,0.395833
DEU,DEU,54,75,129,272925355,783301608,1056226963,0,0.020107,0.227848
NLD,NLD,48,59,107,301818321,594554101,896372422,0,0.018976,0.285617
FRA,FRA,41,68,109,94065320,514225732,608291052,0,0.017201,0.207544
BEL,BEL,42,71,113,282971178,454024846,736996024,0,0.016115,0.23964
CAN,CAN,31,35,66,408905032,325332156,734237188,1,0.010242,0.379798
MEX,MEX,20,38,58,171347317,289735824,461083141,1,0.007708,0.342193
GBR,GBR,47,93,140,67676858,249386558,317063416,0,0.016227,0.166181
ITA,ITA,51,79,130,352256640,147699553,499956193,0,0.01747,0.209227
KOR,KOR,38,40,78,42542020,139675826,182217846,1,0.01373,0.33164
CHE,CHE,28,40,68,43109549,97706129,140815678,0,0.009051,0.423737
MYS,MYS,26,30,56,43034506,95025553,138060059,0,0.010324,0.461712
AUS,AUS,22,24,46,12340860,73217211,85558071,1,0.008439,0.548276
CHN,CHN,85,52,137,3969003708,70002365,4039006073,1,0.043524,0.173187
ESP,ESP,47,51,98,102704085,66705782,169409867,0,0.017179,0.266621
THA,THA,23,39,62,20742562,65172869,85915431,1,0.008509,0.358454
SWE,SWE,25,43,68,30010409,60694164,90704573,0,0.008229,0.38599
AUT,AUT,45,37,82,33352311,55035178,88387489,0,0.014986,0.347744
IDN,IDN,20,43,63,6475085,54518205,60993290,0,0.007614,0.335749
SGP,SGP,23,27,50,14579071,54394398,68973469,0,0.009207,0.417112
NOR,NOR,17,20,37,3010020,45558766,48568786,0,0.005713,0.641538
DNK,DNK,22,30,52,36928852,41965778,78894630,0,0.007955,0.456349
PHL,PHL,14,15,29,9877141,37913737,47790878,1,0.005062,0.645238
TUR,TUR,24,39,63,8916348,33686099,42602447,0,0.007822,0.294326
BRA,BRA,21,18,39,12117684,32789991,44907675,1,0.008696,0.563333
POL,POL,18,21,39,6236371,25907469,32143840,0,0.006046,0.668333
SAU,SAU,22,24,46,8975957,24802498,33778455,0,0.007822,0.422379
LUX,LUX,15,12,27,44491973,23764361,68256334,0,0.004933,0.797368
CZE,CZE,23,28,51,22497099,20064289,42561388,0,0.006657,0.545455
NZL,NZL,13,6,19,3282008,18812661,22094669,1,0.005751,0.616667
SVN,SVN,17,19,36,6681150,15818796,22499946,0,0.006252,0.654762
PRT,PRT,15,24,39,15603977,15755346,31359323,0,0.004924,0.530788
ARE,ARE,29,23,52,8021147,13588085,21609232,0,0.012141,0.288483
IND,IND,52,37,89,186537295,12584352,199121647,0,0.025293,0.255711
FIN,FIN,18,24,42,1813991,11774466,13588457,0,0.007902,0.548276
ARG,ARG,8,15,23,533218,11452598,11985816,1,0.004403,0.649123
HUN,HUN,22,24,46,3976128,11069912,15046040,0,0.007399,0.556452
VNM,VNM,17,9,26,12529844,10942419,23472263,1,0.006142,0.739766
ZAF,ZAF,31,49,80,10835806,9840087,20675893,2,0.015182,0.216792
SVK,SVK,17,22,39,3496053,8703307,12199360,0,0.005592,0.635385
IRL,IRL,31,18,49,126700729,7488733,134189462,0,0.009753,0.491465
MAR,MAR,11,11,22,12855720,6264170,19119890,0,0.004282,0.525735
ROU,ROU,11,17,28,533671,5926988,6460659,0,0.003638,0.597403
URY,URY,7,6,13,706123,5669179,6375302,1,0.003399,0.7
RUS,RUS,17,22,39,3636562,4969700,8606262,0,0.006042,0.57265
GRC,GRC,21,20,41,12521558,4859617,17381175,0,0.008448,0.446237
ISR,ISR,20,29,49,4916305,4815729,9732034,0,0.007317,0.484921
VEN,VEN,12,8,20,2903877,4608252,7512129,0,0.005092,0.661905
PAN,PAN,7,12,19,3442631,4474038,7916669,4,0.003417,0.616667
CRI,CRI,11,15,26,6983484,3855344,10838828,4,0.005537,0.447712
HRV,HRV,14,9,23,1721978,3792978,5514956,0,0.005474,0.666667
BLR,BLR,9,10,19,2362563,3713922,6076485,0,0.003681,0.571429
CHL,CHL,18,9,27,7296551,3470477,10767028,0,0.009659,0.505263
MLT,MLT,4,8,12,38853,2795978,2834831,0,0.002932,0.944444
IRN,IRN,6,14,20,154429,2713164,2867593,0,0.003392,0.661905
PAK,PAK,17,12,29,14352192,2677164,17029356,0,0.005505,0.624506
MAC,MAC,3,2,5,440005,2661896,3101901,1,0.002349,1
HND,HND,8,9,17,3110522,2377259,5487781,1,0.004106,0.590909
BGR,BGR,19,14,33,6219725,2302521,8522246,0,0.007327,0.549784
TUN,TUN,11,8,19,1705634,2279826,3985460,0,0.003839,0.647059
ISL,ISL,5,7,12,140108,2168982,2309090,1,0.002467,0.928571
SWZ,SWZ,1,2,3,398171,2155179,2553350,2,0.001567,1
EGY,EGY,17,7,24,7163039,2127077,9290116,0,0.007504,0.491342
DOM,DOM,5,3,8,7293320,2053307,9346627,1,0.002993,0.666667
PRY,PRY,5,3,8,796892,2004630,2801522,0,0.003876,0.95
MKD,MKD,7,6,13,885707,1947133,2832840,0,0.003684,0.527273
BHR,BHR,5,8,13,429794,1906949,2336743,0,0.002819,0.645455
GTM,GTM,8,7,15,2803596,1781379,4584975,4,0.004999,0.652778
LVA,LVA,13,8,21,5155568,1762555,6918123,0,0.004789,0.628676
COL,COL,12,10,22,8489227,1719805,10209032,1,0.005623,0.541667
EST,EST,11,13,24,470130,1623841,2093971,0,0.00421,0.731618
UKR,UKR,16,15,31,1478230,1544778,3023008,0,0.005786,0.596014
SLV,SLV,7,8,15,4239783,1454646,5694429,4,0.003844,0.736111
LBN,LBN,9,4,13,191472,1415095,1606567,1,0.004864,0.645455
LTU,LTU,20,14,34,22559196,1296503,23855699,0,0.006329,0.601449
BRB,BRB,4,5,9,66955,1172284,1239239,1,0.002162,0.733333
KAZ,KAZ,6,3,9,138474,1134569,1273043,1,0.002399,0.569444
PER,PER,11,7,18,1368472,1122530,2491002,0,0.010363,0.582418
KWT,KWT,5,3,8,203678,1000076,1203754,0,0.003099,0.767857
ECU,ECU,15,5,20,1753574,960657,2714231,0,0.007217,0.554167
PRK,PRK,4,1,5,3288001,925909,4213910,1,0.002534,1
SCG,SCG,22,12,34,7842703,890053,8732756,0,0.007967,0.574275
JAM,JAM,5,4,9,503288,815852,1319140,4,0.002603,0.52381
QAT,QAT,7,3,10,59079,732758,791837,0,0.003385,0.644444
TTO,TTO,4,12,16,450339,626943,1077282,1,0.003289,0.487179
KEN,KEN,15,7,22,9245853,596126,9841979,0,0.008451,0.383041
LKA,LKA,13,6,19,739294,566750,1306044,0,0.005237,0.828571
CYP,CYP,7,4,11,131796,548958,680754,0,0.002956,0.708333
BIH,BIH,11,7,18,679452,545676,1225128,0,0.004417,0.77619
LBY,LBY,1,2,3,15190,500000,515190,0,0.001491,0.5
MUS,MUS,8,8,16,223844,431346,655190,0,0.003901,0.487179
BGD,BGD,10,3,13,1243850,415482,1659332,0,0.004592,0.8
JOR,JOR,7,4,11,181865,388490,570355,0,0.002867,0.544444
BWA,BWA,2,2,4,192515,384908,577423,2,0.002825,1
ZWE,ZWE,8,4,12,4083709,348779,4432488,2,0.005922,0.928571
PYF,PYF,1,5,6,196,328742,328938,0,0.001518,0.9
NIC,NIC,8,7,15,1714683,321940,2036623,4,0.003987,0.680556
PNG,PNG,2,3,5,6230,306106,312336,0,0.001895,1
DZA,DZA,12,2,14,7610268,191693,7801961,0,0.005039,0.730769
CMR,CMR,5,3,8,541468,183428,724896,0,0.008087,0.633333
BEN,BEN,2,1,3,65716,173661,239377,3,0.001667,0.666667
MNG,MNG,1,1,2,37010,169517,206527,1,0.002015,1
BHS,BHS,1,1,2,882160,155155,1037315,1,0.001592,1
NGA,NGA,14,3,17,4886180,124244,5010424,0,0.005479,0.795238
FJI,FJI,2,2,4,30152,116972,147124,1,0.001891,0.5
BOL,BOL,9,1,10,2769504,102623,2872127,0,0.005742,0.763889
GIB,GIB,0,1,1,0,101520,101520,0,0.001303,1
SYR,SYR,9,3,12,944721,98771,1043492,0,0.00343,0.537879
MDG,MDG,9,2,11,528627,86460,615087,0,0.003559,0.672727
AND,AND,2,1,3,40,75661,75701,0,0.001805,1
CUB,CUB,4,1,5,118896,69570,188466,0,0.002199,1
GUY,GUY,3,2,5,176569,58958,235527,1,0.002074,0.833333
CIV,CIV,10,2,12,1690857,51375,1742232,0,0.013712,0.511111
UMI,UMI,1,1,2,17645,48000,65645,1,0.001552,1
NER,NER,3,3,6,23603,45417,69020,0,0.004596,0.6
ANT,ANT,1,2,3,14979,43251,58230,0,0.001536,1
BRN,BRN,3,1,4,7895,36000,43895,0,0.002071,1
FRO,FRO,3,1,4,838,34151,34989,0,0.002338,0.833333
MDA,MDA,5,1,6,182207,32843,215050,0,0.002759,0.533333
MMR,MMR,10,1,11,1568012,26800,1594812,0,0.005468,0.777778
DMA,DMA,2,1,3,20629,24041,44670,1,0.001825,1
NAM,NAM,2,2,4,213997,21132,235129,2,0.001795,0.5
ZMB,ZMB,4,5,9,180160,17723,197883,0,0.004447,0.52381
TZA,TZA,10,3,13,191079,15155,206234,0,0.005202,0.8
VCT,VCT,2,2,4,23335,14715,38050,1,0.001825,0.666667
UZB,UZB,2,1,3,231720,12900,244620,0,0.001707,0.833333
BFA,BFA,2,1,3,47850,11390,59240,0,0.008718,1
GIN,GIN,3,1,4,1705,7968,9673,0,0.002115,0.583333
TLS,TLS,0,1,1,0,7742,7742,1,0.001303,1
LSO,LSO,1,1,2,684042,7628,691670,2,0.001567,1
UGA,UGA,7,2,9,162171,7474,169645,0,0.005084,0.767857
ALB,ALB,7,2,9,2293805,4410,2298215,0,0.003112,0.767857
SOM,SOM,1,1,2,19600,4400,24000,0,0.001518,1
SEN,SEN,8,2,10,276827,3320,280147,0,0.005647,0.625
BLZ,BLZ,1,1,2,25639,3043,28682,1,0.001592,1
GHA,GHA,10,2,12,152482,2940,155422,0,0.003745,0.674242
GRD,GRD,1,1,2,2479,1600,4079,1,0.001592,1
MOZ,MOZ,2,1,3,14362,300,14662,2,0.001741,0.5
AFG,AFG,1,2,3,1000,101,1101,0,0.001509,0.5
DJI,DJI,0,1,1,0,1,1,0,0.001303,1
ETH,ETH,8,0,8,2015049,0,2015049,0,0.004457,0.767857
YEM,YEM,7,0,7,1494530,0,1494530,0,0.00398,0.666667
SHN,SHN,2,0,2,1011160,0,1011160,1,0.001856,1
MWI,MWI,3,0,3,497952,0,497952,2,0.004299,0.5
SMR,SMR,2,0,2,480897,0,480897,0,0.001658,1
BMU,BMU,2,0,2,347545,0,347545,1,0.00178,1
BDI,BDI,4,0,4,329417,0,329417,0,0.002717,0.5
MRT,MRT,4,0,4,243134,0,243134,0,0.002616,0.5
SDN,SDN,6,0,6,238740,0,238740,0,0.003595,0.6
TGO,TGO,5,0,5,236221,0,236221,3,0.00356,0.7
SLE,SLE,3,0,3,210657,0,210657,2,0.002184,0.833333
AGO,AGO,7,0,7,199913,0,199913,2,0.003539,0.52381
OMN,OMN,6,0,6,187907,0,187907,0,0.003275,0.833333
GEO,GEO,4,0,4,130692,0,130692,0,0.00261,0.5
NCL,NCL,2,0,2,95085,0,95085,1,0.001807,1
GMB,GMB,4,0,4,87164,0,87164,1,0.002297,0.666667
COD,COD,2,0,2,86173,0,86173,2,0.00184,1
IRQ,IRQ,3,0,3,71130,0,71130,1,0.003254,0.833333
AZE,AZE,2,0,2,69335,0,69335,0,0.00168,1
CYM,CYM,2,0,2,56951,0,56951,1,0.001765,1
NPL,NPL,2,0,2,39590,0,39590,1,0.002133,1
SYC,SYC,3,0,3,36371,0,36371,2,0.002149,0.5
LCA,LCA,4,0,4,24365,0,24365,1,0.002749,0.583333
KHM,KHM,2,0,2,20806,0,20806,0,0.002165,1
TKL,TKL,1,0,1,20300,0,20300,0,0.001518,1
LBR,LBR,1,0,1,20000,0,20000,1,0.00159,1
COG,COG,3,0,3,19706,0,19706,0,0.004898,0.5
GNQ,GNQ,1,0,1,16493,0,16493,1,0.001592,1
LAO,LAO,1,0,1,14196,0,14196,1,0.001489,1
GRL,GRL,1,0,1,12382,0,12382,0,0.001529,1
KGZ,KGZ,2,0,2,12257,0,12257,1,0.002154,1
WSM,WSM,3,0,3,10605,0,10605,1,0.003211,0.5
MYT,MYT,1,0,1,9980,0,9980,0,0.001518,1
ARM,ARM,2,0,2,9700,0,9700,0,0.001868,1
RWA,RWA,3,0,3,9412,0,9412,0,0.002771,0.5
VGB,VGB,1,0,1,8178,0,8178,1,0.001476,1
TON,TON,1,0,1,7540,0,7540,0,0.001452,1
GNB,GNB,1,0,1,3300,0,3300,0,0.003702,1
AIA,AIA,1,0,1,2562,0,2562,1,0.001592,1
CPV,CPV,1,0,1,2000,0,2000,0,0.001478,1
MDV,MDV,2,0,2,850,0,850,1,0.001779,1
KNA,KNA,2,0,2,814,0,814,1,0.001685,1
SUR,SUR,1,0,1,653,0,653,1,0.001536,1
COK,COK,1,0,1,600,0,600,1,0.002118,1
GAB,GAB,3,0,3,349,0,349,0,0.001975,1
COM,COM,1,0,1,20,0,20,0,0.002816,1
STP,STP,1,0,1,12,0,12,0,0.001478,1
MLI,MLI,1,0,1,7,0,7,0,0.001518,1
HTI,HTI,1,0,1,2,0,2,1,0.002151,1
