USA,USA,70,103,173,769369748,1980505895,2749875643,0,0.02731,0.138629
JPN,JPN,32,44,76,12889748,1487467348,1500357096,0,0.010791,0.402857
DEU,DEU,52,83,135,338504136,960272422,1298776558,4,0.016318,0.217728
NLD,NLD,40,66,106,378974225,686134850,1065109075,0,0.013079,0.29561
BEL,BEL,51,69,120,269754678,685309925,955064603,0,0.016605,0.240926
FRA,FRA,37,71,108,115032018,650882782,765914800,4,0.011139,0.241577
CAN,CAN,38,37,75,376742519,616021620,992764139,0,0.012867,0.295249
GBR,GBR,39,89,128,95872058,443994328,539866386,0,0.01242,0.189083
MEX,MEX,20,33,53,114055168,397571948,511627116,0,0.007822,0.416329
SGP,SGP,32,28,60,23263242,383535771,406799013,0,0.01154,0.420732
AUS,AUS,23,20,43,16021980,230343980,246365960,0,0.008918,0.524631
KOR,KOR,33,53,86,40111883,223293943,263405826,0,0.012758,0.302945
ITA,ITA,62,86,148,360658393,184514682,545173075,4,0.02223,0.183263
CHE,CHE,29,39,68,39785454,157234819,197020273,4,0.00878,0.451896
MYS,MYS,34,29,63,62204613,134687532,196892145,0,0.011568,0.458774
ESP,ESP,50,55,105,106919960,130553571,237473531,4,0.016577,0.255901
THA,THA,20,40,60,27282707,110029605,137312312,0,0.006924,0.384828
CHN,CHN,99,65,164,6396392183,98481751,6494873934,0,0.049369,0.148913
SWE,SWE,25,35,60,30583872,86703034,117286906,4,0.007591,0.484615
IDN,IDN,22,35,57,14458685,70706837,85165522,0,0.007398,0.527665
AUT,AUT,46,45,91,41665244,68488801,110154045,4,0.014368,0.362782
NOR,NOR,11,22,33,1954248,52673134,54627382,4,0.003273,0.687747
PHL,PHL,17,25,42,13869874,50735126,64605000,0,0.005698,0.5
DNK,DNK,22,34,56,62711723,45406547,108118270,4,0.006834,0.454955
SAU,SAU,23,29,52,12216505,40459740,52676245,0,0.007918,0.443101
POL,POL,21,22,43,19444784,39734150,59178934,4,0.005684,0.615079
CZE,CZE,23,28,51,14868934,36654761,51523695,4,0.006805,0.545455
NZL,NZL,18,7,25,4038980,30124781,34163761,0,0.007388,0.568421
TUR,TUR,31,43,74,22866892,24812811,47679703,0,0.010124,0.271116
ARE,ARE,30,33,63,9735137,24181842,33916979,0,0.014149,0.30017
PRT,PRT,15,21,36,14453933,23033402,37487335,4,0.004444,0.518519
BRA,BRA,28,25,53,12849309,22792172,35641481,0,0.009562,0.371951
LUX,LUX,14,9,23,53107690,20598256,73705946,0,0.004428,0.672794
SVN,SVN,18,20,38,5874107,20284624,26158731,4,0.005928,0.598462
FIN,FIN,20,31,51,2770510,16197370,18967880,4,0.00728,0.539496
ZAF,ZAF,31,46,77,13043816,13904158,26947974,3,0.011949,0.250874
IRL,IRL,29,23,52,104882557,11029472,115912029,0,0.009343,0.49359
IND,IND,62,51,113,171009922,10038880,181048802,0,0.026584,0.196685
ARG,ARG,5,9,14,1439863,8913663,10353526,0,0.002714,0.622222
MAR,MAR,14,15,29,25695201,8551768,34246969,0,0.004721,0.595238
HUN,HUN,25,15,40,4306628,8545230,12851858,4,0.007252,0.616995
ROU,ROU,11,17,28,731386,8258976,8990362,0,0.003708,0.695238
PRY,PRY,4,9,13,53760,7727870,7781630,0,0.002406,0.663636
GRC,GRC,29,20,49,9329272,6378865,15708137,0,0.009884,0.488414
IRN,IRN,13,21,34,2376743,6011503,8388246,0,0.006077,0.354701
TUN,TUN,9,11,20,560043,5606106,6166149,4,0.002857,0.7125
LBN,LBN,12,12,24,942694,5356194,6298888,0,0.004784,0.454762
MLT,MLT,4,8,12,21783,4883611,4905394,0,0.002322,0.736111
ISR,ISR,27,21,48,3901716,4866405,8768121,0,0.008624,0.457386
SVK,SVK,18,16,34,6038707,4748514,10787221,4,0.005522,0.623333
PAK,PAK,36,19,55,38731714,4609729,43341443,0,0.016669,0.415215
BLR,BLR,6,12,18,1718537,4264471,5983008,4,0.002725,0.461538
MAC,MAC,3,1,4,521778,4226367,4748145,0,0.002217,1
HND,HND,8,12,20,1380814,4169698,5550512,0,0.004131,0.615385
SYR,SYR,13,9,22,2363784,4056757,6420541,0,0.004747,0.520468
HRV,HRV,10,12,22,2379644,3986642,6366286,4,0.003664,0.752381
CRI,CRI,10,8,18,4733436,3726233,8459669,0,0.005738,0.472727
PAN,PAN,11,13,24,2671054,3607305,6278359,0,0.005253,0.453216
URY,URY,8,8,16,1222800,3579703,4802503,0,0.003034,0.643939
EST,EST,17,11,28,1618045,3565964,5184009,4,0.004962,0.71345
RUS,RUS,19,19,38,5936764,3308870,9245634,4,0.005699,0.48
DOM,DOM,9,9,18,9385698,3256053,12641751,0,0.00388,0.571429
MNG,MNG,3,2,5,188196,3195529,3383725,0,0.002237,0.916667
BGR,BGR,23,15,38,9472568,3159311,12631879,0,0.008138,0.548333
VNM,VNM,23,16,39,17138987,3116972,20255959,0,0.006944,0.649573
BGD,BGD,10,8,18,892593,2999106,3891699,0,0.004147,0.814103
EGY,EGY,14,12,26,5150636,2969242,8119878,0,0.005194,0.703463
ISL,ISL,6,6,12,102616,2746486,2849102,0,0.002327,0.744444
VEN,VEN,12,9,21,1945289,2637441,4582730,0,0.006771,0.481618
PER,PER,11,8,19,2131622,2572407,4704029,0,0.007924,0.519048
SWZ,SWZ,1,1,2,3617980,2303399,5921379,3,0.001391,1
LTU,LTU,20,13,33,23774374,2095287,25869661,4,0.005831,0.594017
TGO,TGO,6,3,9,512678,2092070,2604748,5,0.004233,0.733333
SLV,SLV,12,7,19,6276363,2065149,8341512,1,0.004957,0.504762
GTM,GTM,10,13,23,5562400,1930030,7492430,1,0.005369,0.477941
KWT,KWT,6,6,12,170246,1896136,2066382,0,0.0027,0.709091
ECU,ECU,20,7,27,2002076,1831577,3833653,0,0.007777,0.538095
LVA,LVA,12,9,21,12358390,1710867,14069257,4,0.003836,0.695833
CHL,CHL,18,12,30,5102707,1629424,6732131,0,0.006881,0.480519
MKD,MKD,7,6,13,629187,1548087,2177274,0,0.003285,0.678571
JOR,JOR,5,5,10,256429,1487167,1743596,2,0.002452,0.428571
BHR,BHR,7,5,12,690739,1441668,2132407,0,0.002959,0.854545
UKR,UKR,17,13,30,2442001,1428323,3870324,0,0.005053,0.595238
CYP,CYP,9,6,15,142871,1395567,1538438,0,0.003524,0.685897
KAZ,KAZ,8,2,10,116593,1259475,1376068,0,0.004615,0.767857
BRB,BRB,4,6,10,85251,1013909,1099160,0,0.002026,0.535714
FJI,FJI,3,2,5,3148,995620,998768,0,0.002665,0.833333
NIC,NIC,8,5,13,1442626,965735,2408361,1,0.004015,0.694444
TTO,TTO,7,17,24,528976,879830,1408806,0,0.00434,0.453216
NGA,NGA,16,6,22,1826934,826515,2653449,0,0.007474,0.665441
COL,COL,13,13,26,3391408,817929,4209337,0,0.00673,0.437909
GHA,GHA,13,4,17,83035,687633,770668,5,0.005464,0.470833
JAM,JAM,6,4,10,761704,652149,1413853,0,0.003324,0.547619
MUS,MUS,6,9,15,82933,625428,708361,3,0.002693,0.704545
QAT,QAT,9,4,13,1208842,597629,1806471,4,0.00308,0.833333
SLE,SLE,1,3,4,655,575706,576361,0,0.001613,0.75
TZA,TZA,11,6,17,453207,553068,1006275,4,0.004765,0.5
PNG,PNG,3,4,7,68317,489998,558315,0,0.002217,1
BIH,BIH,10,8,18,1009457,479332,1488789,4,0.003529,0.717949
PYF,PYF,3,4,7,3567,466130,469697,4,0.001655,0.866667
BEN,BEN,0,1,1,0,424642,424642,5,0.00117,1
NPL,NPL,2,1,3,123536,410914,534450,0,0.00176,0.5
CUB,CUB,4,3,7,345806,388091,733897,4,0.001966,0.933333
SCG,SCG,11,8,19,1259047,355692,1614739,4,0.004032,0.636364
FRO,FRO,1,2,3,738,290114,290852,4,0.001341,0.5
ZWE,ZWE,5,5,10,2971491,226800,3198291,3,0.003068,0.547619
LKA,LKA,21,6,27,2371134,190503,2561637,4,0.008527,0.584416
PRK,PRK,2,1,3,2992681,179400,3172081,0,0.002024,1
BWA,BWA,1,3,4,157608,178541,336149,3,0.001391,0.833333
KEN,KEN,10,4,14,9693936,154618,9848554,4,0.003969,0.510989
LCA,LCA,3,2,5,32078,150625,182703,0,0.001899,0.833333
BOL,BOL,8,1,9,1972949,124480,2097429,0,0.00357,0.694444
BLZ,BLZ,3,2,5,170116,102276,272392,0,0.002159,0.85
DZA,DZA,9,3,12,3595304,96650,3691954,4,0.003151,0.911111
VCT,VCT,1,3,4,200,89690,89890,0,0.001465,0.666667
NAM,NAM,4,2,6,79914,88413,168327,3,0.002474,0.857143
GUY,GUY,3,3,6,842053,86495,928548,5,0.002812,0.857143
MLI,MLI,1,2,3,13440,86000,99440,5,0.001303,0.5
AND,AND,2,2,4,34,82000,82034,0,0.001559,0.916667
CMR,CMR,5,2,7,375353,81000,456353,4,0.012411,0.933333
GIN,GIN,0,1,1,0,80000,80000,5,0.00117,1
BHS,BHS,2,1,3,237574,79784,317358,0,0.001691,1
KGZ,KGZ,4,2,6,110475,77385,187860,0,0.004169,0.857143
SYC,SYC,8,1,9,5555,75980,81535,0,0.003233,0.736111
SEN,SEN,5,2,7,149670,68500,218170,4,0.007257,0.933333
SDN,SDN,6,2,8,702352,59414,761766,0,0.002755,0.767857
BTN,BTN,0,1,1,0,59029,59029,0,0.00117,1
AFG,AFG,2,1,3,94600,53545,148145,0,0.00178,0.833333
OMN,OMN,3,3,6,130718,48858,179576,0,0.00271,0.5
AZE,AZE,7,1,8,162176,48000,210176,0,0.00274,0.714286
BDI,BDI,2,1,3,240670,44490,285160,4,0.002217,0.5
ABW,ABW,3,1,4,353722,33624,387346,0,0.002475,1
MDV,MDV,1,3,4,210,32652,32862,4,0.001317,0.5
UGA,UGA,4,2,6,32669,30370,63039,4,0.002987,0.5
COK,COK,0,2,2,0,30194,30194,0,0.00117,1
GUM,GUM,0,2,2,0,26907,26907,0,0.00117,1
TLS,TLS,0,1,1,0,24000,24000,0,0.00117,1
MDG,MDG,4,3,7,166530,23020,189550,3,0.002003,0.595238
YEM,YEM,7,1,8,918052,22740,940792,2,0.003668,0.660714
NRU,NRU,0,1,1,0,20440,20440,0,0.00117,1
TKL,TKL,1,1,2,66660,20105,86765,0,0.001288,1
NER,NER,6,3,9,111967,19478,131445,5,0.005306,0.736111
MNP,MNP,0,1,1,0,18460,18460,0,0.00117,1
GAB,GAB,9,1,10,23712,18000,41712,5,0.003211,0.733333
GMB,GMB,3,1,4,10144,18000,28144,5,0.001764,0.5
IRQ,IRQ,3,1,4,626509,16490,642999,2,0.002373,0.5
MWI,MWI,4,2,6,286513,12936,299449,3,0.002257,0.6
ASM,ASM,0,2,2,0,11937,11937,0,0.00117,1
BRN,BRN,2,1,3,164583,9000,173583,0,0.001859,1
ALB,ALB,6,2,8,3243918,6883,3250801,4,0.00303,0.566667
MMR,MMR,5,2,7,1787639,6150,1793789,0,0.003094,0.857143
CIV,CIV,15,2,17,3397636,3600,3401236,5,0.019184,0.5
MDA,MDA,7,1,8,139306,2568,141874,0,0.002551,0.952381
LAO,LAO,1,1,2,4440,1379,5819,0,0.001317,1
AGO,AGO,5,1,6,66546,35,66581,3,0.002953,0.6
ETH,ETH,6,0,6,3209325,0,3209325,0,0.002543,1
LSO,LSO,1,0,1,2754554,0,2754554,3,0.001391,1
ERI,ERI,5,0,5,695429,0,695429,0,0.003806,0.75
DJI,DJI,3,0,3,503233,0,503233,0,0.001865,1
BMU,BMU,1,0,1,497946,0,497946,0,0.001395,1
MOZ,MOZ,6,0,6,417502,0,417502,3,0.002801,0.533333
MRT,MRT,5,0,5,356493,0,356493,4,0.002611,0.6
ATG,ATG,4,0,4,304049,0,304049,0,0.002128,0.583333
ARM,ARM,3,0,3,298245,0,298245,0,0.00198,0.833333
ANT,ANT,2,0,2,195429,0,195429,0,0.001612,1
COG,COG,2,0,2,192091,0,192091,4,0.001716,1
GEO,GEO,2,0,2,176800,0,176800,0,0.001616,1
UZB,UZB,4,0,4,165260,0,165260,4,0.002063,0.5
ZMB,ZMB,8,0,8,164467,0,164467,0,0.004192,0.952381
KHM,KHM,4,0,4,115984,0,115984,0,0.002681,1
CYM,CYM,1,0,1,58634,0,58634,0,0.001395,1
VGB,VGB,1,0,1,57651,0,57651,0,0.001363,1
TCA,TCA,1,0,1,51440,0,51440,0,0.001395,1
HTI,HTI,2,0,2,39132,0,39132,1,0.001997,1
COD,COD,3,0,3,38404,0,38404,3,0.002038,1
NCL,NCL,5,0,5,36953,0,36953,0,0.002206,0.85
BFA,BFA,5,0,5,30394,0,30394,5,0.01236,0.85
RWA,RWA,4,0,4,20462,0,20462,4,0.003851,1
LBY,LBY,4,0,4,18067,0,18067,0,0.002048,1
TKM,TKM,3,0,3,14219,0,14219,0,0.001946,1
DMA,DMA,2,0,2,12848,0,12848,0,0.001691,1
KNA,KNA,2,0,2,11977,0,11977,0,0.001612,1
SLB,SLB,2,0,2,7009,0,7009,0,0.002194,1
SPM,SPM,1,0,1,5855,0,5855,0,0.001395,1
FSM,FSM,2,0,2,5337,0,5337,0,0.001892,1
GNQ,GNQ,1,0,1,4188,0,4188,0,0.001395,1
CXR,CXR,1,0,1,2413,0,2413,0,0.001465,1
WSM,WSM,2,0,2,2215,0,2215,0,0.002292,1
AIA,AIA,1,0,1,1177,0,1177,0,0.001387,1
CPV,CPV,1,0,1,1036,0,1036,4,0.00135,1
GNB,GNB,1,0,1,1000,0,1000,4,0.004257,1
SUR,SUR,1,0,1,715,0,715,0,0.001387,1
SHN,SHN,1,0,1,251,0,251,3,0.001391,1
GRD,GRD,1,0,1,220,0,220,0,0.001395,1
STP,STP,1,0,1,50,0,50,4,0.00135,1
COM,COM,1,0,1,40,0,40,3,0.001737,1
TJK,TJK,1,0,1,19,0,19,4,0.001425,1
MYT,MYT,1,0,1,18,0,18,4,0.001303,1
