USA,USA,72,97,169,770262039,4288632643,5058894682,0,0.021196,0.193521
DEU,DEU,57,78,135,1059835254,3222053142,4281888396,1,0.013372,0.308858
JPN,JPN,27,38,65,17521123,3196753978,3214275101,0,0.007671,0.503322
GBR,GBR,50,83,133,115653348,1634266616,1749919964,0,0.011876,0.246425
BEL,BEL,54,73,127,425018088,1051185556,1476203644,0,0.013754,0.289082
FRA,FRA,45,74,119,209724730,1009364343,1219089073,0,0.010493,0.246845
THA,THA,31,57,88,45706057,944710201,990416258,0,0.009215,0.291116
NLD,NLD,52,56,108,569120076,800209532,1369329608,0,0.011265,0.367481
MEX,MEX,37,41,78,75690313,786871174,862561487,0,0.009737,0.386275
CAN,CAN,44,66,110,310623111,684103692,994726803,0,0.01101,0.26631
ITA,ITA,61,81,142,330311365,568182511,898493876,1,0.015726,0.255107
ESP,ESP,44,74,118,119053224,506656726,625709950,0,0.010606,0.272152
KOR,KOR,52,45,97,141075124,488936125,630011249,0,0.014075,0.341259
PHL,PHL,14,27,41,12882131,486865419,499747550,0,0.004297,0.452621
DNK,DNK,36,40,76,55926486,438266419,494192905,1,0.011345,0.486473
NOR,NOR,17,30,47,6893580,411059961,417953541,1,0.004193,0.63447
AUS,AUS,28,28,56,9757211,378585334,388342545,0,0.008985,0.450742
AUT,AUT,41,48,89,298556488,327393786,625950274,1,0.010838,0.388136
MYS,MYS,57,46,103,190496577,313080786,503577363,0,0.016644,0.258408
CHN,CHN,141,114,255,17604265182,306290182,17910555364,0,0.066455,0.102261
IDN,IDN,39,34,73,137679024,254338405,392017429,0,0.01052,0.402745
POL,POL,33,49,82,168676419,238342185,407018604,1,0.007414,0.44
CHE,CHE,31,46,77,60078892,191562815,251641707,1,0.006526,0.433962
SAU,SAU,25,37,62,22535207,178553169,201088376,0,0.006896,0.452381
CZE,CZE,28,40,68,129300682,177771087,307071769,1,0.007106,0.518182
SWE,SWE,30,42,72,393716151,157932279,551648430,1,0.006396,0.49815
SGP,SGP,39,30,69,12482198,117342038,129824236,0,0.014045,0.406105
NZL,NZL,24,16,40,8861058,114604354,123465412,0,0.006352,0.550538
PRT,PRT,20,32,52,40037152,112742024,152779176,0,0.004838,0.502699
IND,IND,78,72,150,423135156,104221801,527356957,0,0.026819,0.205644
GRC,GRC,28,35,63,12631432,93451702,106083134,0,0.006504,0.484848
IRL,IRL,26,25,51,152000594,93323252,245323846,0,0.007688,0.514264
SVN,SVN,35,21,56,69340309,80051020,149391329,1,0.008701,0.493252
ROU,ROU,27,26,53,18668567,78513108,97181675,0,0.006215,0.600285
ARG,ARG,3,16,19,2708368,72350948,75059316,0,0.001721,0.584559
PAK,PAK,43,34,77,88671979,69929040,158601019,0,0.011949,0.407468
MAC,MAC,10,1,11,2485326,69293318,71778644,0,0.002857,0.877778
YEM,YEM,11,4,15,5231264,66316292,71547556,0,0.003585,0.772727
BGD,BGD,23,15,38,21339121,63379409,84718530,0,0.007889,0.676667
FIN,FIN,23,33,56,4892619,62043332,66935951,1,0.005246,0.569701
VNM,VNM,60,19,79,348908564,61322222,410230786,0,0.016642,0.353125
ARE,ARE,42,37,79,22545763,60391632,82937395,0,0.012364,0.29235
EGY,EGY,25,31,56,35481305,53115142,88596447,0,0.006121,0.473976
TUR,TUR,47,62,109,66859658,44221445,111081103,1,0.013644,0.316563
EST,EST,16,24,40,7338812,42562881,49901693,1,0.004183,0.637566
HUN,HUN,27,30,57,19535766,42004265,61540031,1,0.006178,0.605105
RUS,RUS,23,22,45,19145850,37898308,57044158,0,0.006642,0.541667
LUX,LUX,12,12,24,27882252,33520415,61402667,0,0.003172,0.74183
SVK,SVK,21,23,44,117347771,26119783,143467554,1,0.004694,0.690887
IRN,IRN,12,24,36,343955,25951561,26295516,0,0.005584,0.297721
CHL,CHL,21,16,37,18765103,25546492,44311595,0,0.00624,0.521164
ISR,ISR,29,27,56,8942059,25502759,34444818,0,0.006141,0.532927
DOM,DOM,11,22,33,5335491,25414190,30749681,0,0.003177,0.478462
LTU,LTU,30,22,52,65234915,23935749,89170664,1,0.006538,0.624053
SYR,SYR,19,14,33,17945884,23116055,41061939,1,0.005608,0.452991
PER,PER,20,9,29,6680642,23094775,29775417,0,0.00608,0.463203
LVA,LVA,18,21,39,100525267,22900199,123425466,1,0.004043,0.676638
TUN,TUN,18,23,41,1962066,22773151,24735217,0,0.005128,0.551724
BGR,BGR,24,26,50,24219996,22743453,46963449,1,0.005484,0.575397
ZAF,ZAF,35,36,71,15263564,20867135,36130699,0,0.021572,0.290816
ECU,ECU,20,11,31,4076905,20702601,24779506,0,0.005681,0.473333
GTM,GTM,14,15,29,7254650,19694725,26949375,0,0.00453,0.466667
HND,HND,12,19,31,7485785,19665617,27151402,0,0.004097,0.480519
KWT,KWT,6,10,16,159728,18492114,18651842,0,0.002162,0.519048
UKR,UKR,24,16,40,12855193,17833348,30688541,0,0.005943,0.652116
HRV,HRV,17,16,33,11847101,17409085,29256186,1,0.004825,0.645238
MAR,MAR,21,17,38,24562015,16064024,40626039,1,0.004794,0.693732
SLV,SLV,14,17,31,12143010,15841059,27984069,0,0.003775,0.517316
VEN,VEN,7,20,27,235363,14798131,15033494,0,0.002472,0.52381
CRI,CRI,15,17,32,10044467,13290884,23335351,0,0.00437,0.48419
BRA,BRA,36,29,65,20890058,13050255,33940313,0,0.009604,0.348639
BLR,BLR,9,12,21,1824042,12472853,14296895,1,0.002639,0.708791
PAN,PAN,13,22,35,1046592,11611772,12658364,0,0.004151,0.337302
COL,COL,10,21,31,1343165,10939980,12283145,0,0.003252,0.468333
SRB,SRB,15,18,33,2874562,10635731,13510293,0,0.004332,0.565789
NIC,NIC,8,6,14,956135,10405849,11361984,0,0.002449,0.847222
TZA,TZA,12,14,26,2630910,9885160,12516070,0,0.004231,0.398268
PRY,PRY,13,4,17,3243291,9220300,12463591,0,0.003547,0.633333
OMN,OMN,11,7,18,4988747,9017517,14006264,0,0.004123,0.724359
ISL,ISL,6,8,14,60775,7793395,7854170,0,0.001862,0.854545
BIH,BIH,16,8,24,5427832,6979688,12407520,1,0.004142,0.735294
LBN,LBN,15,17,32,3001034,6954531,9955565,0,0.003832,0.401709
DZA,DZA,10,5,15,4900623,6592754,11493377,1,0.003687,0.781818
KEN,KEN,14,9,23,3411898,6592597,10004495,0,0.006808,0.457516
MNG,MNG,0,1,1,0,6025036,6025036,0,0.000931,1
CYP,CYP,8,11,19,280972,5907417,6188389,0,0.002279,0.720833
JOR,JOR,7,18,25,194431,5647319,5841750,0,0.002217,0.539526
MLT,MLT,12,6,18,1177239,5241277,6418516,0,0.003506,0.818681
NAM,NAM,4,2,6,63040,4692213,4755253,0,0.002896,0.65
UZB,UZB,5,3,8,807296,4612261,5419557,0,0.002255,0.65
BOL,BOL,14,8,22,3000423,4338807,7339230,0,0.004446,0.562092
URY,URY,14,7,21,1613246,4172898,5786144,0,0.003776,0.577206
IRQ,IRQ,6,5,11,7157407,4103277,11260684,1,0.002182,0.638889
LBY,LBY,5,3,8,195087,3977361,4172448,1,0.002189,0.714286
MUS,MUS,7,7,14,178089,3801032,3979121,1,0.003554,0.666667
ALB,ALB,10,8,18,10665859,3762126,14427985,1,0.003272,0.709091
BRB,BRB,7,9,16,84366,3742232,3826598,0,0.002291,0.549451
BHR,BHR,13,9,22,1492302,3648702,5141004,0,0.003793,0.654412
AND,AND,1,4,5,212880,3417814,3630694,0,0.001053,0.633333
UGA,UGA,7,9,16,1391249,3134022,4525271,0,0.003418,0.549451
QAT,QAT,35,8,43,953653,2987397,3941050,0,0.008635,0.551587
KHM,KHM,5,3,8,297543,2841672,3139215,0,0.002268,0.952381
KAZ,KAZ,6,6,12,170434,2734357,2904791,0,0.002291,0.660714
MKD,MKD,15,12,27,6633596,2556842,9190438,1,0.004072,0.643275
LKA,LKA,19,6,25,4335538,2337623,6673161,0,0.005449,0.632035
GUY,GUY,6,4,10,6083,2212878,2218961,0,0.002282,0.839286
BRN,BRN,6,3,9,435161,2130710,2565871,0,0.002694,0.733333
TGO,TGO,7,3,10,1412176,2058109,3470285,2,0.006503,0.839286
KGZ,KGZ,4,2,6,763961,1926620,2690581,0,0.001645,0.766667
TTO,TTO,9,8,17,113856,1686959,1800815,0,0.004528,0.304762
PRK,PRK,3,5,8,204393,1459291,1663684,0,0.0017,0.52381
FJI,FJI,3,7,10,16726,1348318,1365044,0,0.001893,0.839286
NGA,NGA,30,11,41,15759883,1205606,16965489,0,0.012275,0.40625
BEN,BEN,3,2,5,41950,1044912,1086862,2,0.002123,0.5
BWA,BWA,2,4,6,31735,1016981,1048716,0,0.002389,0.5
NPL,NPL,4,2,6,455742,948045,1403787,0,0.002046,1
ARM,ARM,3,2,5,171064,835972,1007036,0,0.001555,0.6
BTN,BTN,1,1,2,587035,732451,1319486,0,0.001248,1
MNE,MNE,4,6,10,37089,694129,731218,1,0.001774,0.696429
TJK,TJK,2,1,3,105999,657040,763039,0,0.001251,0.666667
GEO,GEO,6,4,10,307466,592764,900230,1,0.002742,0.541667
SWZ,SWZ,1,2,3,526758,570724,1097482,0,0.001441,1
MDG,MDG,8,4,12,224649,563722,788371,0,0.003539,0.666667
JAM,JAM,4,3,7,74621,526476,601097,0,0.001895,0.7
MLI,MLI,4,4,8,113051,494020,607071,2,0.004719,0.52381
HTI,HTI,3,2,5,166123,485521,651644,0,0.001501,0.833333
SUR,SUR,1,3,4,3719,457766,461485,0,0.001102,0.75
SDN,SDN,12,2,14,872150,444237,1316387,0,0.004787,0.519231
SYC,SYC,5,3,8,27646,426624,454270,0,0.002871,0.714286
GHA,GHA,10,7,17,1618476,401385,2019861,0,0.007678,0.435897
MMR,MMR,2,1,3,6986544,399342,7385886,0,0.001376,1
LAO,LAO,4,2,6,2881805,387982,3269787,0,0.002494,1
AZE,AZE,4,2,6,490011,355800,845811,1,0.001972,0.833333
AFG,AFG,4,3,7,3642577,285002,3927579,0,0.002107,0.5
MDA,MDA,2,3,5,2308,267434,269742,0,0.001298,0.9
PYF,PYF,3,5,8,1638,261100,262738,0,0.001398,0.9
CIV,CIV,12,3,15,7822140,258218,8080358,2,0.008355,0.781818
NCL,NCL,3,2,5,127,241976,242103,0,0.001527,0.833333
ABW,ABW,2,3,5,409,238212,238621,1,0.001249,0.583333
FRO,FRO,1,2,3,20081,216977,237058,1,0.001172,1
BHS,BHS,1,2,3,2381150,213109,2594259,0,0.001117,1
ETH,ETH,11,1,12,3255073,180925,3435998,0,0.004282,0.690909
SEN,SEN,11,6,17,643815,172855,816670,1,0.004855,0.520833
DMA,DMA,2,2,4,1443,135084,136527,0,0.00121,0.5
DJI,DJI,4,1,5,979430,125900,1105330,0,0.002772,0.916667
TKM,TKM,2,1,3,9278,122005,131283,0,0.001316,1
CUB,CUB,1,3,4,10000,121697,131697,0,0.001427,0.666667
NRU,NRU,0,1,1,0,115360,115360,1,0.000931,1
ATG,ATG,0,2,2,0,111896,111896,0,0.000931,1
GAB,GAB,4,3,7,93502,111848,205350,0,0.003783,0.547619
WSM,WSM,4,4,8,42158,109682,151840,0,0.002223,0.85
LBR,LBR,2,1,3,254432,100450,354882,0,0.001369,1
MWI,MWI,9,2,11,750430,96195,846625,0,0.00612,0.638889
COD,COD,2,2,4,192649,90925,283574,0,0.001748,0.666667
VAT,VAT,0,1,1,0,86768,86768,0,0.000931,1
NER,NER,3,1,4,5300,75657,80957,2,0.002868,0.75
GMB,GMB,3,1,4,3582,72000,75582,1,0.001974,0.75
PNG,PNG,2,2,4,5094,65149,70243,0,0.001637,1
MDV,MDV,4,2,6,2318,63354,65672,0,0.002224,0.766667
ZWE,ZWE,8,2,10,699449,59100,758549,0,0.00594,0.535714
BFA,BFA,5,3,8,234317,53943,288260,2,0.005234,0.85
LCA,LCA,5,1,6,31451,52304,83755,0,0.002656,0.633333
MOZ,MOZ,9,1,10,1154762,48657,1203419,0,0.004352,0.611111
VCT,VCT,4,3,7,2412,44340,46752,0,0.002668,0.547619
VGB,VGB,1,1,2,12786,40300,53086,0,0.001117,1
ZMB,ZMB,7,2,9,162186,35384,197570,0,0.005911,0.517857
GRD,GRD,1,1,2,3900,34966,38866,0,0.001073,1
BLZ,BLZ,5,2,7,249940,26504,276444,0,0.001769,0.666667
NFK,NFK,0,1,1,0,21605,21605,0,0.000931,1
CPV,CPV,2,1,3,4491,21500,25991,0,0.00118,0.833333
UMI,UMI,1,1,2,5000,15670,20670,1,0.001067,1
COG,COG,5,2,7,212222,3590,215812,0,0.002469,0.619048
LSO,LSO,1,1,2,515931,3243,519174,0,0.001441,1
GUM,GUM,1,1,2,723,983,1706,0,0.001069,1
SHN,SHN,1,1,2,18200,75,18275,0,0.001052,1
CMR,CMR,6,2,8,261101,51,261152,1,0.001798,0.589286
CYM,CYM,1,1,2,11130,40,11170,0,0.001117,1
ANT,ANT,1,1,2,37,15,52,0,0.001092,1
MRT,MRT,4,1,5,130822,3,130825,1,0.003759,0.916667
AGO,AGO,12,0,12,941369,0,941369,0,0.006038,0.690909
TON,TON,6,0,6,648438,0,648438,0,0.002659,0.666667
SMR,SMR,5,0,5,455700,0,455700,1,0.001622,1
CXR,CXR,1,0,1,358129,0,358129,0,0.001073,1
GIN,GIN,3,0,3,276508,0,276508,1,0.001976,0.833333
RWA,RWA,9,0,9,92153,0,92153,0,0.004337,0.517857
PSE,PSE,4,0,4,68630,0,68630,0,0.001875,0.5
BMU,BMU,5,0,5,42957,0,42957,0,0.001661,0.75
COM,COM,5,0,5,33961,0,33961,0,0.002568,0.75
SLB,SLB,4,0,4,25051,0,25051,0,0.001972,1
MSR,MSR,1,0,1,23060,0,23060,1,0.001052,1
PLW,PLW,6,0,6,21558,0,21558,0,0.003064,0.633333
MHL,MHL,1,0,1,21500,0,21500,1,0.001052,1
GNQ,GNQ,2,0,2,21002,0,21002,0,0.001708,1
ASM,ASM,1,0,1,20000,0,20000,0,0.001161,1
VUT,VUT,3,0,3,16790,0,16790,0,0.001755,0.833333
SLE,SLE,1,0,1,10500,0,10500,0,0.001053,1
FSM,FSM,2,0,2,2821,0,2821,0,0.001252,1
GIB,GIB,1,0,1,410,0,410,0,0.001053,1
STP,STP,2,0,2,350,0,350,0,0.001555,1
BDI,BDI,1,0,1,300,0,300,0,0.001254,1
TLS,TLS,1,0,1,177,0,177,0,0.001194,1
KIR,KIR,1,0,1,100,0,100,0,0.001161,1
GRL,GRL,1,0,1,20,0,20,1,0.001172,1
TUV,TUV,1,0,1,16,0,16,0,0.001161,1
TCD,TCD,1,0,1,1,0,1,1,0.001695,1
