USA,USA,77,111,188,854013774,3186438345,4040452119,1,0.022011,0.176087
JPN,JPN,25,47,72,24135512,2680386571,2704522083,2,0.007373,0.481224
DEU,DEU,64,78,142,1050337857,2550210088,3600547945,0,0.015211,0.306156
GBR,GBR,58,93,151,258015968,1330179675,1588195643,0,0.015387,0.239109
BEL,BEL,65,80,145,391779695,1241839554,1633619249,0,0.015038,0.253289
FRA,FRA,49,60,109,273927319,932313695,1206241014,0,0.013616,0.357545
NLD,NLD,58,77,135,1063766980,805690886,1869457866,0,0.013758,0.297906
MEX,MEX,22,32,54,133420386,711918891,845339277,1,0.004849,0.513462
THA,THA,57,62,119,320183245,698566124,1018749369,2,0.01495,0.282253
CAN,CAN,41,53,94,301347259,578137408,879484667,1,0.009852,0.312774
ESP,ESP,68,78,146,235577501,573797748,809375249,0,0.016655,0.264242
AUS,AUS,32,35,67,27964561,568588514,596553075,2,0.009428,0.466702
ITA,ITA,60,87,147,463563958,558286367,1021850325,0,0.013671,0.260694
VNM,VNM,85,31,116,662567111,500113792,1162680903,0,0.023403,0.258181
IDN,IDN,50,38,88,265168486,424836938,690005424,2,0.012413,0.312996
KOR,KOR,61,45,106,192183270,424728057,616911327,2,0.016676,0.316735
POL,POL,47,50,97,310439542,416752279,727191821,0,0.010543,0.456215
MYS,MYS,77,40,117,1129323793,351271117,1480594910,0,0.019862,0.294339
PHL,PHL,27,17,44,22091909,327486986,349578895,2,0.006963,0.636559
AUT,AUT,54,46,100,374973561,311064875,686038436,0,0.014041,0.45
CHN,CHN,132,127,259,11473092288,275142168,11748234456,2,0.047873,0.112223
SVN,SVN,34,35,69,161251137,218176890,379428027,0,0.008459,0.518617
CHE,CHE,34,42,76,97998364,186346024,284344388,0,0.00844,0.533469
CZE,CZE,36,43,79,199750899,186268629,386019528,0,0.009177,0.504314
SWE,SWE,29,42,71,52078930,173330746,225409676,0,0.006709,0.554078
IRL,IRL,30,31,61,176529301,160090381,336619682,0,0.00784,0.538584
SAU,SAU,24,31,55,36669028,157163054,193832082,2,0.006271,0.488529
NOR,NOR,28,21,49,10440579,125580854,136021433,0,0.006236,0.636975
PRT,PRT,27,49,76,129053747,115593705,244647452,0,0.006023,0.41416
DNK,DNK,32,41,73,72699041,111435229,184134270,0,0.008783,0.507979
SGP,SGP,34,29,63,21383346,106442418,127825764,0,0.009817,0.415356
SVK,SVK,29,28,57,74979282,96877256,171856538,0,0.007701,0.662698
GRC,GRC,30,34,64,25340378,94245413,119585791,0,0.00659,0.512156
PAK,PAK,39,31,70,94549150,78962267,173511417,2,0.009163,0.472474
NZL,NZL,27,18,45,12177142,74863893,87041035,2,0.008236,0.521008
MHL,MHL,1,2,3,65700,70944251,71009951,2,0.000969,0.833333
HUN,HUN,30,31,61,43478646,69381195,112859841,0,0.007,0.674603
ROU,ROU,33,31,64,121276112,64876973,186153085,0,0.007802,0.566202
LTU,LTU,32,33,65,97027202,60235398,157262600,0,0.007638,0.555168
ARE,ARE,42,60,102,22581470,58404353,80985823,0,0.012131,0.267807
IRQ,IRQ,11,3,14,917299,53506560,54423859,0,0.00383,0.845455
MMR,MMR,16,8,24,15850625,52132612,67983237,2,0.005256,0.777778
BGD,BGD,15,9,24,7563505,51828334,59391839,2,0.004055,0.804094
MAC,MAC,2,1,3,785431,50587898,51373329,2,0.001319,1
TUR,TUR,70,68,138,451474799,50414603,501889402,0,0.019841,0.267642
TUN,TUN,25,23,48,6701010,46623465,53324475,0,0.006606,0.64086
FIN,FIN,17,35,52,6283080,45968405,52251485,0,0.00415,0.608108
ISR,ISR,22,32,54,4411034,44098527,48509561,0,0.005217,0.526713
VEN,VEN,5,23,28,128988,41604713,41733701,1,0.001698,0.572464
EST,EST,21,28,49,13388052,40204385,53592437,0,0.00496,0.646825
ECU,ECU,26,17,43,9055438,39690501,48745939,1,0.006021,0.498106
ZAF,ZAF,32,49,81,15450339,38912563,54362902,4,0.011067,0.287843
DOM,DOM,12,31,43,11951563,37552304,49503867,1,0.002885,0.433155
LUX,LUX,17,13,30,33735688,36371714,70107402,0,0.003885,0.841991
YEM,YEM,5,6,11,9478542,34850005,44328547,2,0.001646,0.736364
BGR,BGR,28,27,55,85567258,32963284,118530542,0,0.005811,0.61336
TZA,TZA,14,15,29,4739118,32616228,37355346,2,0.0064,0.440711
HRV,HRV,20,26,46,53444899,32204492,85649391,0,0.004559,0.664368
IRN,IRN,17,30,47,7162833,31746545,38909378,0,0.006083,0.4
LVA,LVA,29,22,51,60029645,30168595,90198240,0,0.005985,0.64039
KHM,KHM,8,7,15,824389,29371418,30195807,2,0.00399,0.712121
CHL,CHL,27,24,51,16477683,25914623,42392306,1,0.00566,0.500711
RUS,RUS,30,32,62,30720404,25724900,56445304,5,0.009733,0.452935
GTM,GTM,16,23,39,7351303,24817604,32168907,1,0.003752,0.604615
HND,HND,12,17,29,15750331,23839711,39590042,1,0.002751,0.625541
SDN,SDN,9,7,16,561522,23034675,23596197,2,0.003188,0.647436
SRB,SRB,20,20,40,22088029,21891342,43979371,0,0.004693,0.629885
MAR,MAR,17,22,39,20161784,19782860,39944644,0,0.004333,0.649471
CYP,CYP,9,21,30,592775,19714213,20306988,0,0.002555,0.605072
BLR,BLR,8,10,18,12128523,18780289,30908812,5,0.002342,0.839744
NIC,NIC,12,15,27,1044936,17967418,19012354,1,0.002902,0.594771
IND,IND,82,61,143,528098602,17201961,545300563,1,0.025125,0.228277
NGA,NGA,22,10,32,40019564,16998643,57018207,2,0.008628,0.564615
KEN,KEN,22,13,35,4637535,15559748,20197283,2,0.008399,0.444581
BRA,BRA,26,33,59,11315637,15312990,26628627,1,0.006025,0.427991
CRI,CRI,16,17,33,10489280,14964200,25453480,1,0.003649,0.564286
PER,PER,18,16,34,10485395,14815609,25301004,1,0.004598,0.547692
SLV,SLV,14,18,32,13532979,14488006,28020985,1,0.00365,0.62253
MKD,MKD,15,10,25,4804671,12636179,17440850,0,0.003749,0.625731
LBN,LBN,11,20,31,3641781,12564421,16206202,0,0.003149,0.527174
BIH,BIH,15,15,30,10747606,11458021,22205627,0,0.003915,0.821429
MLT,MLT,13,12,25,2695146,10663478,13358624,0,0.003569,0.710526
UGA,UGA,12,8,20,3729721,10651383,14381104,2,0.007578,0.4625
MNG,MNG,1,1,2,39,10513246,10513285,2,0.001215,1
KAZ,KAZ,5,6,11,289784,10077353,10367137,5,0.002069,0.527778
KWT,KWT,20,9,29,264717,8801759,9066476,2,0.005284,0.663043
ISL,ISL,9,15,24,7755,8559419,8567174,0,0.002458,0.695906
ETH,ETH,10,5,15,949587,8497273,9446860,2,0.003691,0.648352
ARG,ARG,4,12,16,164644,7433717,7598361,1,0.001687,0.747253
OMN,OMN,13,19,32,15616477,6406779,22023256,0,0.004777,0.565217
EGY,EGY,22,22,44,8525218,6281974,14807192,0,0.005362,0.592742
ALB,ALB,3,7,10,212147,6248212,6460359,0,0.001411,0.761905
SEN,SEN,9,15,24,1608692,6126218,7734910,0,0.002971,0.463235
LAO,LAO,10,3,13,4745956,5747377,10493333,0,0.003425,0.733333
PRY,PRY,10,4,14,4126157,4827937,8954094,1,0.002592,0.598485
COL,COL,26,19,45,38573671,4468097,43041768,1,0.005709,0.493761
LBY,LBY,2,5,7,102872,4431550,4534422,0,0.001357,1
PAN,PAN,16,34,50,989649,4406175,5395824,1,0.003995,0.264228
JOR,JOR,6,13,19,304494,4384726,4689220,2,0.002114,0.602941
BHR,BHR,7,8,15,1098573,4307864,5406437,2,0.00216,0.75
MUS,MUS,7,10,17,104680,4304481,4409161,4,0.002656,0.780303
BOL,BOL,10,6,16,856652,3985777,4842429,1,0.002895,0.754545
JAM,JAM,6,10,16,69637,3983290,4052927,2,0.001854,0.697802
ZMB,ZMB,7,6,13,429332,3730151,4159483,4,0.003499,0.545455
BFA,BFA,4,10,14,147000,3291873,3438873,3,0.003006,0.598485
QAT,QAT,50,19,69,1980165,3182637,5162802,2,0.012894,0.473228
NAM,NAM,3,2,5,561178,3151049,3712227,4,0.00171,0.666667
UKR,UKR,49,14,63,80427381,3111027,83538408,0,0.014315,0.337808
MOZ,MOZ,11,7,18,6996328,2980769,9977097,4,0.004823,0.839744
AGO,AGO,13,8,21,258778,2566317,2825095,0,0.003576,0.607843
HTI,HTI,3,7,10,126642,2521254,2647896,2,0.001212,0.805556
GHA,GHA,19,8,27,3808676,2342912,6151588,3,0.006573,0.554762
LKA,LKA,20,12,32,9130904,2183596,11314500,0,0.006204,0.751812
URY,URY,15,8,23,802124,2013963,2816087,1,0.003836,0.535948
BRB,BRB,6,5,11,27319,2004542,2031861,2,0.001691,0.708333
GEO,GEO,9,7,16,364559,1998705,2363264,0,0.003803,0.653846
CIV,CIV,5,10,15,2605151,1946592,4551743,0,0.002056,0.75
DZA,DZA,12,8,20,7990911,1909054,9899965,0,0.003975,0.82967
SWZ,SWZ,1,2,3,56028,1874520,1930548,4,0.001057,1
ZWE,ZWE,5,3,8,3986559,1842653,5829212,4,0.003256,0.65
KGZ,KGZ,4,2,6,351973,1766563,2118536,5,0.001985,0.75
FJI,FJI,3,5,8,3009,1761538,1764547,2,0.001803,0.666667
TJK,TJK,4,1,5,150130,1431610,1581740,5,0.003152,0.666667
MRT,MRT,5,4,9,61505,1423490,1484995,1,0.001837,0.803571
MDA,MDA,3,3,6,23610,1258775,1282385,0,0.001535,0.8
MLI,MLI,6,4,10,452697,1145322,1598019,0,0.002063,0.805556
RWA,RWA,5,2,7,199159,1009667,1208826,2,0.003491,0.566667
TTO,TTO,6,9,15,283196,989112,1272308,1,0.001908,0.527473
MNE,MNE,5,5,10,161303,987935,1149238,0,0.002094,0.690476
CMR,CMR,9,8,17,459173,982294,1441467,0,0.003601,0.780303
SYR,SYR,2,4,6,38969,902378,941347,0,0.001433,0.833333
SYC,SYC,2,2,4,968,739183,740151,0,0.001197,0.75
BRN,BRN,7,4,11,323970,549072,873042,2,0.002833,0.875
TKM,TKM,4,3,7,7817390,542302,8359692,0,0.001746,0.75
COG,COG,1,3,4,89240,537461,626701,0,0.001058,0.916667
NPL,NPL,5,2,7,227004,531266,758270,1,0.002064,0.933333
BWA,BWA,5,5,10,1993928,491116,2485044,4,0.002708,0.690476
BLZ,BLZ,3,2,5,159218,446512,605730,1,0.001454,1
SUR,SUR,2,4,6,3177,420271,423448,2,0.001117,0.75
VCT,VCT,3,3,6,33534,412065,445599,1,0.001291,0.65
AND,AND,0,1,1,0,410198,410198,0,0.000865,1
MWI,MWI,13,6,19,531286,404671,935957,4,0.005481,0.542857
TGO,TGO,13,5,18,1936691,402785,2339476,0,0.006009,0.839744
NER,NER,3,2,5,38260,357500,395760,3,0.002754,1
LSO,LSO,1,2,3,1303,263595,264898,4,0.001057,1
FRO,FRO,2,2,4,20579,247939,268518,0,0.001186,0.833333
GAB,GAB,2,5,7,43019,220581,263600,0,0.001421,0.7
AZE,AZE,7,2,9,732021,203135,935156,0,0.002448,0.690476
GIN,GIN,4,1,5,50518,192060,242578,0,0.001615,1
MDV,MDV,3,2,5,20955,177282,198237,1,0.001697,0.75
CAF,CAF,0,2,2,0,175510,175510,0,0.000865,1
GUY,GUY,3,3,6,11037,170185,181222,1,0.001465,0.65
GRL,GRL,2,1,3,86,164000,164086,0,0.001199,1
CUB,CUB,4,1,5,27346,159116,186462,2,0.001459,0.85
MDG,MDG,7,3,10,157870,156044,313914,0,0.002493,0.607143
UZB,UZB,10,4,14,16056088,147547,16203635,5,0.006667,0.598485
DMA,DMA,1,2,3,9019,100005,109024,1,0.001023,0.666667
ABW,ABW,1,1,2,20,97600,97620,0,0.000965,1
BEN,BEN,4,1,5,99340,97305,196645,0,0.002032,0.55
ARM,ARM,7,1,8,587,93756,94343,0,0.00232,0.738095
TCD,TCD,1,1,2,1200,89000,90200,0,0.001185,1
KIR,KIR,1,1,2,639,56700,57339,2,0.001142,1
LBR,LBR,0,2,2,0,56680,56680,2,0.000865,1
GUM,GUM,1,2,3,622,56025,56647,2,0.00107,0.5
BDI,BDI,6,2,8,32867,45550,78417,2,0.00377,0.547619
LCA,LCA,4,1,5,16175,39390,55565,2,0.001471,0.8
BLM,BLM,0,1,1,0,38635,38635,0,0.000865,1
CYM,CYM,1,1,2,110828,38228,149056,1,0.001033,1
NRU,NRU,0,1,1,0,38200,38200,1,0.000865,1
CUW,CUW,3,2,5,148544,37828,186372,1,0.001196,0.65
SSD,SSD,2,1,3,557,34540,35097,2,0.002219,1
COD,COD,5,3,8,69471,26700,96171,4,0.00254,0.5
UMI,UMI,0,2,2,0,26062,26062,2,0.000865,1
NCL,NCL,2,3,5,16492,24340,40832,0,0.001335,0.95
TON,TON,0,2,2,0,21272,21272,0,0.000865,1
BTN,BTN,1,1,2,283885,16943,300828,1,0.001215,1
SLE,SLE,7,1,8,570162,13800,583962,1,0.002959,0.732143
DJI,DJI,2,1,3,1460020,13507,1473527,0,0.001827,0.833333
TLS,TLS,5,1,6,20210,13317,33527,0,0.00212,0.95
ATG,ATG,2,1,3,2727,8605,11332,1,0.001133,1
PNG,PNG,3,2,5,21653,8381,30034,2,0.001576,1
SPM,SPM,0,1,1,0,7967,7967,1,0.000865,1
SLB,SLB,3,1,4,9001,5552,14553,2,0.001702,1
SMR,SMR,0,1,1,0,30,30,0,0.000865,1
AFG,AFG,4,0,4,4645170,0,4645170,0,0.00162,0.833333
BHS,BHS,3,0,3,1406225,0,1406225,1,0.00135,1
PSE,PSE,5,0,5,1263601,0,1263601,0,0.001906,1
PRK,PRK,1,0,1,324909,0,324909,2,0.001185,1
SOM,SOM,3,0,3,150934,0,150934,0,0.001906,0.833333
GMB,GMB,10,0,10,51998,0,51998,0,0.002861,0.688889
SHN,SHN,2,0,2,39240,0,39240,0,0.001239,1
GNQ,GNQ,2,0,2,26050,0,26050,0,0.001187,1
CXR,CXR,1,0,1,22934,0,22934,1,0.001033,1
IOT,IOT,1,0,1,20110,0,20110,1,0.001033,1
VGB,VGB,2,0,2,20091,0,20091,1,0.001112,1
COM,COM,5,0,5,16863,0,16863,2,0.002619,0.55
WSM,WSM,5,0,5,14751,0,14751,1,0.002327,0.75
BMU,BMU,2,0,2,14477,0,14477,1,0.001191,1
TCA,TCA,2,0,2,5217,0,5217,1,0.001191,1
VUT,VUT,1,0,1,3426,0,3426,1,0.001023,1
SXM,SXM,1,0,1,3103,0,3103,1,0.001033,1
GRD,GRD,3,0,3,1029,0,1029,1,0.001305,0.833333
PYF,PYF,1,0,1,833,0,833,0,0.001058,1
CPV,CPV,3,0,3,776,0,776,0,0.001271,1
PLW,PLW,5,0,5,324,0,324,2,0.002385,0.65
STP,STP,2,0,2,311,0,311,4,0.001161,1
KNA,KNA,2,0,2,58,0,58,1,0.001133,1
