USA,USA,103,188,291,13332322002,24747245599,38079567601,3,0.017941,0,13,0.217488
DEU,DEU,88,183,271,17364584444,24643669897,42008254341,4,0.00933,0,13,0.23215
BEL,BEL,80,167,247,9456823688,21136800542,30593624230,4,0.008882,0,13,0.268534
KOR,KOR,72,165,237,1913859969,17826331164,19740191133,0,0.009084,0,13,0.269858
NLD,NLD,78,163,241,5274434363,14488546758,19762981121,4,0.008777,0,13,0.280391
FRA,FRA,101,168,269,10310577561,11021670842,21332248403,4,0.018011,0,13,0.250605
SAU,SAU,61,128,189,829753561,10181666127,11011419688,2,0.005484,0,13,0.359935
JPN,JPN,66,141,207,2592406365,9927580540,12519986905,2,0.005807,0,13,0.331385
CAN,CAN,77,144,221,6576327977,8681282139,15257610116,3,0.009739,0,13,0.309064
SGP,SGP,73,114,187,2665919527,8244098536,10910018063,2,0.007564,0,13,0.416051
THA,THA,87,149,236,1895976026,7723838372,9619814398,2,0.012633,0,13,0.293851
ITA,ITA,94,157,251,13915798209,6153663544,20069461753,4,0.012236,0,13,0.291099
ESP,ESP,88,148,236,6378641906,5209954790,11588596696,4,0.009391,0,13,0.316734
CHN,CHN,97,178,275,39567741681,5014208699,44581950380,2,0.013727,0,13,0.243128
GBR,GBR,87,171,258,7055657315,4020684355,11076341670,4,0.012035,0,13,0.25595
MYS,MYS,68,140,208,2618528119,3787066328,6405594447,2,0.00829,0,13,0.327194
IND,IND,88,167,255,2740786939,2727926731,5468713670,1,0.017517,0,13,0.249253
BRA,BRA,69,122,191,2480401887,2670643703,5151045590,0,0.006752,0,13,0.406159
ARE,ARE,72,122,194,1758396713,2640145069,4398541782,1,0.007963,0,13,0.350836
SWE,SWE,61,134,195,2153160168,2406685754,4559845922,4,0.004911,0,13,0.373078
POL,POL,79,94,173,4344436352,2106336777,6450773129,4,0.008224,0,13,0.463058
HUN,HUN,52,86,138,1184649002,2052241214,3236890216,4,0.004374,0,13,0.580861
AUT,AUT,79,127,206,2746629482,2022724530,4769354012,4,0.009866,0,13,0.368982
MEX,MEX,82,91,173,6811575248,1992191173,8803766421,3,0.01053,0,13,0.483057
KWT,KWT,54,66,120,291770515,1973608746,2265379261,1,0.004705,0,13,0.602889
QAT,QAT,54,109,163,159777724,1738492807,1898270531,1,0.00498,0,13,0.405023
IDN,IDN,67,120,187,2619830581,1482916678,4102747259,1,0.006931,0,13,0.381206
CZE,CZE,73,93,166,1914016415,1426966481,3340982896,4,0.007718,0,13,0.491683
FIN,FIN,62,116,178,1230023684,1257896630,2487920314,4,0.008425,0,13,0.411639
ARG,ARG,64,77,141,1254832649,1221378033,2476210682,0,0.00611,0,13,0.571772
SVK,SVK,68,74,142,680280893,1128830620,1809111513,4,0.00855,0,13,0.516364
IRN,IRN,51,93,144,622979255,983282903,1606262158,1,0.004153,0,13,0.499141
COL,COL,64,67,131,829214673,936879664,1766094337,3,0.007433,0,13,0.536575
PRT,PRT,64,89,153,1479245695,935640833,2414886528,4,0.006367,0,13,0.507615
RUS,RUS,72,94,166,3396522689,898990854,4295513543,4,0.00748,0,13,0.522197
ROU,ROU,59,103,162,908862329,805443938,1714306267,1,0.005476,0,13,0.482143
CHE,CHE,85,144,229,1971187971,775393940,2746581911,4,0.010744,0,13,0.311345
GRC,GRC,64,77,141,1283545417,573088883,1856634300,1,0.005932,0,13,0.60684
EGY,EGY,70,100,170,1353274826,562287106,1915561932,4,0.007381,0,13,0.503427
SVN,SVN,65,76,141,604567915,548019210,1152587125,4,0.007503,0,13,0.605882
TUR,TUR,78,128,206,7282567869,525194925,7807762794,1,0.008214,0,13,0.365003
ZAF,ZAF,76,116,192,994912583,522001617,1516914200,1,0.009528,0,13,0.371033
NOR,NOR,58,107,165,577281570,463813947,1041095517,4,0.004907,0,13,0.464053
ISR,ISR,63,87,150,1428861412,433573352,1862434764,1,0.005722,0,13,0.53171
UKR,UKR,63,80,143,1542068975,414147023,1956215998,4,0.007286,0,13,0.513617
DNK,DNK,54,120,174,1497722186,380276828,1877999014,4,0.005879,0,13,0.42542
HRV,HRV,58,44,102,350697620,354800135,705497755,4,0.005017,0,13,0.731702
LTU,LTU,45,50,95,427722129,313871970,741594099,4,0.003754,0,13,0.703098
BLR,BLR,54,38,92,380480127,305930745,686410872,4,0.004609,0,13,0.752825
AUS,AUS,67,115,182,1049509638,246337508,1295847146,2,0.006527,0,13,0.371251
BGR,BGR,58,108,166,482292567,242377659,724670226,1,0.00467,0,13,0.42093
SRB,SRB,63,48,111,412944072,242121299,655065371,1,0.007102,0,13,0.662173
AZE,AZE,43,26,69,125869431,223643448,349512879,1,0.003824,0,13,0.715686
VNM,VNM,69,70,139,2212781236,202379611,2415160847,1,0.009058,0,13,0.507129
IRL,IRL,63,101,164,800202980,174109048,974312028,4,0.006684,0,13,0.469334
PAK,PAK,81,74,155,1306316480,171251445,1477567925,1,0.015015,0,13,0.422642
BHS,BHS,19,9,28,6343262,135159351,141502613,3,0.002771,0,13,0.798333
LBY,LBY,42,34,76,68909133,126427168,195336301,1,0.003487,0,13,0.784091
PHL,PHL,53,60,113,1085767139,124875218,1210642357,2,0.005228,0,13,0.56037
LUX,LUX,41,60,101,521939840,90625711,612565551,4,0.003358,0,13,0.803543
UZB,UZB,30,16,46,74780126,84697627,159477753,4,0.002843,0,13,0.833333
VEN,VEN,54,38,92,395254245,83288389,478542634,3,0.007699,0,13,0.618456
PRK,PRK,20,68,88,21642803,57208123,78850926,0,0.001912,0,13,0.449962
EST,EST,52,45,97,196422903,56750799,253173702,4,0.00463,0,13,0.73983
DZA,DZA,58,21,79,585988969,54245075,640234044,1,0.00513,0,13,0.708653
TKM,TKM,23,9,32,44397203,52723305,97120508,1,0.002401,0,13,0.823362
JOR,JOR,52,27,79,325698460,51794866,377493326,1,0.004102,0,13,0.730671
PER,PER,56,34,90,792563149,46810999,839374148,0,0.005024,0,13,0.768644
BWA,BWA,15,10,25,15312198,44334113,59646311,1,0.00204,0,13,0.688406
CHL,CHL,63,47,110,1057529077,42127118,1099656195,3,0.007704,0,13,0.61248
URY,URY,38,24,62,257321701,29823953,287145654,0,0.003184,0,13,0.777983
NZL,NZL,51,58,109,514184775,25531045,539715820,1,0.005705,0,13,0.542253
LVA,LVA,42,30,72,185779338,24573220,210352558,4,0.003393,0,13,0.791667
BIH,BIH,50,30,80,100187839,24285396,124473235,4,0.004226,0,13,0.796633
DOM,DOM,55,35,90,287370429,23946958,311317387,0,0.013228,0,13,0.448859
CRI,CRI,50,35,85,400238182,23108028,423346210,0,0.006729,0,13,0.610452
TUN,TUN,55,42,97,422846000,21684458,444530458,1,0.004359,0,13,0.662173
SYR,SYR,51,43,94,782017438,18103839,800121277,1,0.004461,0,13,0.621251
LBN,LBN,61,63,124,237067666,17405845,254473511,1,0.005409,0,13,0.492475
GTM,GTM,43,27,70,442185402,17231648,459417050,0,0.00509,0,13,0.743351
KEN,KEN,59,35,94,446624989,16974417,463599406,1,0.007581,0,13,0.55879
OMN,OMN,44,38,82,215639396,16884447,232523843,1,0.003582,0,13,0.753945
SLV,SLV,41,18,59,184994044,14947624,199941668,0,0.004689,0,13,0.726087
KAZ,KAZ,55,22,77,288301562,11425325,299726887,0,0.005394,0,13,0.689947
PAN,PAN,47,42,89,82036758,9865270,91902028,0,0.005905,0,13,0.547115
SEN,SEN,45,28,73,94381534,9829113,104210647,1,0.00596,0,13,0.519471
CIV,CIV,52,14,66,199269814,9755915,209025729,1,0.007516,0,13,0.675136
TTO,TTO,43,36,79,93047435,9702498,102749933,0,0.007104,0,13,0.564126
LKA,LKA,50,42,92,380647452,9390639,390038091,1,0.00494,0,13,0.725956
TZA,TZA,52,21,73,276327194,9238023,285565217,1,0.006515,0,13,0.612994
CYP,CYP,52,34,86,80512123,8922733,89434856,1,0.004031,0,13,0.718254
HND,HND,42,15,57,152056434,8754810,160811244,0,0.004779,0,13,0.732323
MAR,MAR,52,36,88,738447812,6408809,744856621,2,0.004642,0,13,0.704327
MLT,MLT,39,23,62,55687506,4728690,60416196,2,0.003083,0,13,0.892706
MKD,MKD,44,11,55,76609583,4687150,81296733,1,0.004137,0,13,0.771045
ECU,ECU,50,34,84,514736586,3225744,517962330,0,0.005186,0,13,0.702732
SWZ,SWZ,10,22,32,5252133,3047857,8299990,1,0.001284,0,13,0.700739
PRY,PRY,29,11,40,129244480,3013806,132258286,0,0.002585,0,13,0.829545
TJK,TJK,10,3,13,3107182,2683252,5790434,1,0.001433,0,13,0.75641
MUS,MUS,38,18,56,86504315,2475737,88980052,1,0.003576,0,13,0.68617
BLZ,BLZ,12,6,18,2252246,2012732,4264978,0,0.002221,0,13,0.712418
YEM,YEM,42,14,56,186840143,1887243,188727386,1,0.00386,0,13,0.743756
BGD,BGD,57,15,72,678758586,1799651,680558237,2,0.006751,0,13,0.645955
BHR,BHR,43,18,61,134688042,1749152,136437194,0,0.003831,0,13,0.824025
NIC,NIC,37,11,48,20828299,1556132,22384431,0,0.005296,0,13,0.736538
SDN,SDN,46,9,55,197523216,1427032,198950248,1,0.003726,0,13,0.830317
NPL,NPL,26,3,29,16947364,1391144,18338508,1,0.002465,0,13,0.931624
ISL,ISL,32,42,74,35021016,1364961,36385977,1,0.002724,0,13,0.77102
SOM,SOM,9,4,13,21737403,1343157,23080560,1,0.001498,0,13,0.856061
LAO,LAO,11,5,16,10328180,1313538,11641718,2,0.001432,0,13,0.942857
TGO,TGO,28,9,37,21582158,1300913,22883071,1,0.003334,0,13,0.71836
MDG,MDG,43,12,55,44423553,1005407,45428960,1,0.004174,0,13,0.743756
MLI,MLI,37,25,62,22921051,921730,23842781,1,0.004748,0,13,0.704545
FJI,FJI,22,17,39,33466285,892258,34358543,2,0.003512,0,13,0.464015
UGA,UGA,41,10,51,93783781,787985,94571766,1,0.004843,0,13,0.684541
ZWE,ZWE,32,9,41,67145188,732217,67877405,0,0.003619,0,13,0.773273
GEO,GEO,44,27,71,29692713,715270,30407983,1,0.003948,0,13,0.776772
BOL,BOL,35,9,44,148670937,664571,149335508,0,0.003517,0,13,0.828078
ARM,ARM,40,10,50,57863882,614810,58478692,1,0.003351,0,13,0.857294
MDA,MDA,48,4,52,61341753,596296,61938049,4,0.004037,0,13,0.861702
KGZ,KGZ,28,12,40,48727324,591088,49318412,1,0.002851,0,13,0.823864
BRN,BRN,23,14,37,7427403,589538,8016941,0,0.002159,0,13,0.967692
LBR,LBR,21,6,27,694346,564598,1258944,1,0.002648,0,13,0.736467
COD,COD,25,4,29,27846507,564480,28410987,1,0.003859,0,13,0.774929
JAM,JAM,35,18,53,65901491,554590,66456081,3,0.004643,0,13,0.674216
GHA,GHA,57,15,72,232765403,548636,233314039,1,0.007031,0,13,0.673067
BMU,BMU,12,3,15,204603,538567,743170,0,0.00142,0,13,0.92381
NER,NER,27,13,40,5661946,511461,6173407,1,0.005226,0,13,0.703361
BRB,BRB,31,14,45,13288565,510532,13799097,3,0.004222,0,13,0.621458
BFA,BFA,15,4,19,4050197,487022,4537219,1,0.002599,0,13,0.758333
TCA,TCA,7,5,12,1631002,472468,2103470,3,0.001408,0,13,0.736364
NGA,NGA,106,13,119,1490945276,467601,1491412877,0,0.022227,0,13,0.378788
AND,AND,9,9,18,688019,412256,1100275,0,0.001263,0,13,0.85
SMR,SMR,6,6,12,4185017,410211,4595228,4,0.001058,0,13,0.945455
DJI,DJI,22,5,27,78748052,353216,79101268,1,0.002203,0,13,0.863248
ALB,ALB,30,12,42,43773701,347862,44121563,1,0.003239,0,13,0.759009
SLE,SLE,25,7,32,3107669,332342,3440011,1,0.002655,0,13,0.835632
ESH,ESH,0,1,1,0,322560,322560,0,0.000724,0,14,0
GAB,GAB,36,11,47,11373865,320086,11693951,1,0.006022,0,13,0.759146
MWI,MWI,27,5,32,31690745,309969,32000714,0,0.002669,0,13,0.793103
MNE,MNE,29,2,31,11159864,282316,11442180,4,0.002895,0,13,0.913793
MDV,MDV,21,3,24,18950011,276528,19226539,1,0.001981,0,13,0.924242
IRQ,IRQ,28,4,32,91942378,269660,92212038,1,0.002631,0,13,0.906085
VGB,VGB,16,5,21,22223796,256374,22480170,1,0.0019,0,13,0.842857
COG,COG,32,5,37,30467427,226642,30694069,1,0.005116,0,13,0.733613
DMA,DMA,20,9,29,3469632,220245,3689877,0,0.003728,0,13,0.638177
ZMB,ZMB,39,7,46,74368176,217061,74585237,1,0.004818,0,13,0.720732
TLS,TLS,3,2,5,136942,195600,332542,1,0.000904,0,13,0.8
AFG,AFG,17,7,24,11450713,171169,11621882,1,0.001868,0,13,0.822134
NAM,NAM,25,12,37,10589867,158689,10748556,2,0.003192,0,13,0.780423
ETH,ETH,58,5,63,163196212,150648,163346860,1,0.006863,0,13,0.681356
KHM,KHM,21,5,26,44557061,116789,44673850,2,0.002349,0,13,0.889328
MNP,MNP,3,3,6,21696,114251,135947,0,0.000871,0,13,0.666667
ASM,ASM,2,5,7,809,112664,113473,1,0.000983,0,13,0.714286
TKL,TKL,5,4,9,192849,107592,300441,0,0.001403,0,13,0.589286
NCL,NCL,28,5,33,9852675,102619,9955294,2,0.00243,0,13,0.815524
ABW,ABW,49,11,60,4173585,101382,4274967,0,0.007216,0,13,0.665098
LCA,LCA,15,3,18,1606977,93506,1700483,3,0.002824,0,13,0.7125
RWA,RWA,21,6,27,30135235,87071,30222306,1,0.00278,0,13,0.820652
PNG,PNG,19,4,23,7690754,81017,7771771,2,0.00202,0,13,0.935673
WLF,WLF,5,1,6,187541,80784,268325,1,0.001576,0,13,0.566667
SHN,SHN,5,5,10,43349,76647,119996,1,0.001029,0,13,0.847222
TCD,TCD,7,1,8,688099,75625,763724,4,0.001164,0,13,1
CUB,CUB,43,13,56,42786654,69124,42855778,0,0.004194,0,13,0.752544
CMR,CMR,50,8,58,58829778,67093,58896871,1,0.007949,0,13,0.710407
BTN,BTN,14,2,16,7265003,66960,7331963,1,0.00152,0,13,0.947619
HTI,HTI,18,3,21,8496095,65839,8561934,3,0.002283,0,13,0.889474
MOZ,MOZ,37,7,44,54715661,64007,54779668,1,0.004103,0,13,0.73141
CCK,CCK,3,1,4,35100,52920,88020,3,0.000896,0,13,1
STP,STP,4,3,7,63529,51802,115331,4,0.000991,0,13,0.833333
MSR,MSR,4,2,6,2219,50004,52223,1,0.002666,0,13,0.6
SYC,SYC,27,4,31,794092,49172,843264,1,0.002748,0,13,0.802956
MNG,MNG,20,1,21,10984890,49115,11034005,0,0.002125,0,13,0.960526
WSM,WSM,7,2,9,201908,43500,245408,1,0.001297,0,13,0.847222
GIN,GIN,35,4,39,43274782,42237,43317019,1,0.003689,0,13,0.854762
GRL,GRL,12,1,13,232880,40000,272880,4,0.001361,0,13,1
GNQ,GNQ,14,2,16,1215153,37914,1253067,3,0.002551,0,13,0.833333
ATA,ATA,2,1,3,10004,34000,44004,1,0.000889,0,13,0.5
SUR,SUR,22,3,25,11405276,32133,11437409,3,0.002598,0,13,0.826667
NRU,NRU,2,3,5,3335,31500,34835,4,0.000861,0,13,1
ERI,ERI,10,2,12,15143344,30362,15173706,1,0.001549,0,13,0.881818
AIA,AIA,3,3,6,5116401,29310,5145711,1,0.000987,0,13,0.6
MMR,MMR,22,5,27,108912806,25525,108938331,2,0.002021,0,13,0.983333
UMI,UMI,2,2,4,17400,23380,40780,4,0.000843,0,13,0.833333
ATG,ATG,15,8,23,611102,21714,632816,3,0.0038,0,13,0.735714
ATF,ATF,1,1,2,27094,21325,48419,1,0.000893,0,13,0.5
AGO,AGO,32,1,33,35753755,21019,35774774,1,0.003077,0,13,0.828598
CPV,CPV,17,7,24,2745192,20486,2765678,0,0.00184,0,13,0.888889
IOT,IOT,1,3,4,60000,17682,77682,3,0.000805,0,13,0.666667
COM,COM,8,1,9,82677,17216,99893,1,0.002711,0,13,0.666667
FRO,FRO,15,4,19,1991044,14062,2005106,4,0.001554,0,13,0.859477
GUM,GUM,6,1,7,75264,13574,88838,1,0.001099,0,4,0.738095
KIR,KIR,5,1,6,66658,13250,79908,2,0.001209,0,13,0.566667
MYT,MYT,17,2,19,276155,12613,288768,1,0.002298,0,13,0.75817
PYF,PYF,25,4,29,7662458,6763,7669221,4,0.00251,0,13,0.951667
BEN,BEN,24,1,25,20198380,4704,20203084,1,0.004344,0,13,0.801667
VCT,VCT,14,5,19,1256251,2870,1259121,0,0.00192,0,13,0.6
GRD,GRD,14,1,15,425572,1517,427089,3,0.002529,0,13,0.78022
NIU,NIU,3,1,4,41377,1000,42377,3,0.000932,0,13,1
TUV,TUV,4,1,5,332,1000,1332,4,0.001037,0,13,0.65
CAF,CAF,10,1,11,301051,650,301701,2,0.0021,0,13,0.888889
BDI,BDI,16,1,17,15578152,500,15578652,1,0.003733,0,13,0.845833
MHL,MHL,3,1,4,4795,400,5195,4,0.000926,0,13,1
GUY,GUY,29,3,32,8620963,225,8621188,3,0.00454,0,13,0.752874
VUT,VUT,10,2,12,134114,210,134324,1,0.001813,0,13,0.727273
KNA,KNA,10,1,11,541776,137,541913,3,0.002068,0,13,0.609091
GIB,GIB,7,1,8,168587,38,168625,1,0.001147,0,13,0.964286
SLB,SLB,13,1,14,1507830,35,1507865,3,0.001616,0,13,0.917582
CYM,CYM,6,1,7,220513,26,220539,3,0.001193,0,13,0.785714
PSE,PSE,6,1,7,22530524,25,22530549,4,0.001141,0,13,0.904762
MRT,MRT,34,1,35,16011624,7,16011631,1,0.00349,0,13,0.860504
COK,COK,2,1,3,7511,5,7516,1,0.000983,0,13,1
GMB,GMB,18,0,18,2347152,0,2347152,1,0.002226,0,1,0.888889
GNB,GNB,6,0,6,1341810,0,1341810,1,0.001198,0,2,0.833333
TON,TON,7,0,7,152717,0,152717,1,0.001953,0,0,0.785714
CXR,CXR,3,0,3,80554,0,80554,3,0.000913,0,6,1
LSO,LSO,2,0,2,67460,0,67460,4,0.000856,0,5,1
FSM,FSM,7,0,7,60149,0,60149,1,0.002004,0,3,0.738095
VAT,VAT,2,0,2,50450,0,50450,3,0.000868,0,12,1
FLK,FLK,1,0,1,10000,0,10000,1,0.000896,0,11,0
SPM,SPM,2,0,2,4374,0,4374,3,0.000872,0,10,1
HMD,HMD,1,0,1,1020,0,1020,3,0.000781,0,9,0
NFK,NFK,1,0,1,385,0,385,1,0.000807,0,8,0
PLW,PLW,2,0,2,365,0,365,2,0.000861,0,7,1
