USA,USA,102,199,301,12753054955,28821388020,41574442975,4,0.014636,0,17,0.193045
DEU,DEU,92,181,273,18115460713,25352873092,43468333805,2,0.011508,0,17,0.233081
BEL,BEL,79,171,250,10245544952,21852119743,32097664695,2,0.008237,0,17,0.260165
KOR,KOR,72,166,238,2013073057,18509913220,20522986277,0,0.007844,0,17,0.264793
NLD,NLD,80,165,245,5651171828,14774104196,20425276024,2,0.01105,0,17,0.274772
FRA,FRA,105,167,272,10873222679,11967782330,22841005009,2,0.018238,0,17,0.256834
SAU,SAU,59,134,193,948970640,10582283556,11531254196,1,0.005336,0,17,0.328537
JPN,JPN,59,146,205,2816285731,10494936245,13311221976,1,0.004934,0,17,0.318377
CAN,CAN,77,152,229,6380104817,8977989008,15358093825,4,0.008927,0,17,0.287014
SGP,SGP,70,125,195,2930410626,8601104603,11531515229,1,0.007642,0,17,0.35975
THA,THA,81,159,240,2078541865,7296522151,9375064016,1,0.010917,0,17,0.280618
CHN,CHN,94,187,281,37926610733,6736677601,44663288334,1,0.011591,0,17,0.222522
ITA,ITA,92,159,251,14769111799,6383668022,21152779821,2,0.010736,0,17,0.28864
ESP,ESP,88,148,236,6649089309,5445924285,12095013594,2,0.01031,0,17,0.315276
ARE,ARE,68,120,188,1990137623,4525470326,6515607949,3,0.008172,0,17,0.362444
MYS,MYS,64,139,203,2910538994,3875026332,6785565326,1,0.006748,0,17,0.332725
GBR,GBR,82,172,254,7323039946,3723592126,11046632072,2,0.008719,0,17,0.25527
BRA,BRA,67,133,200,2824780645,2924119004,5748899649,0,0.007086,0,17,0.362586
SWE,SWE,54,127,181,2266332870,2455336389,4721669259,2,0.004268,0,17,0.39645
AUT,AUT,82,130,212,2915398933,2449316921,5364715854,2,0.011642,0,17,0.355125
KWT,KWT,57,68,125,322863612,2377195697,2700059309,3,0.004887,0,17,0.580301
HUN,HUN,54,76,130,1260859496,2263495624,3524355120,2,0.004219,0,17,0.668489
MEX,MEX,77,88,165,6757749780,2199659098,8957408878,4,0.009367,0,17,0.470792
IND,IND,83,161,244,3596326927,2161467675,5757794602,3,0.011855,0,17,0.277832
POL,POL,88,98,186,4915309605,2126484537,7041794142,2,0.013333,0,17,0.415592
CZE,CZE,71,92,163,2218313816,1490767965,3709081781,2,0.006824,0,17,0.520202
IDN,IDN,65,119,184,2884216194,1474622041,4358838235,3,0.006932,0,17,0.34997
FIN,FIN,56,119,175,1362326206,1337334245,2699660451,2,0.005853,0,17,0.413095
QAT,QAT,52,103,155,224552172,1314499202,1539051374,3,0.004249,0,17,0.43653
SVK,SVK,61,68,129,747038358,1218828596,1965866954,2,0.005918,0,17,0.547606
RUS,RUS,73,88,161,4087906486,1104666005,5192572491,3,0.008515,0,17,0.505891
COL,COL,62,74,136,979678301,1032987740,2012666041,4,0.007286,0,17,0.5064
PRT,PRT,69,94,163,1606090687,1008710463,2614801150,2,0.009463,0,17,0.494059
ARG,ARG,57,78,135,1531023262,978128176,2509151438,0,0.005007,0,17,0.548065
ROU,ROU,62,83,145,1063739304,887468483,1951207787,3,0.005405,0,17,0.564713
LTU,LTU,50,58,108,471467564,886381978,1357849542,2,0.004189,0,17,0.633198
CHE,CHE,78,143,221,2010022236,814753266,2824775502,2,0.008613,0,17,0.328301
EGY,EGY,73,101,174,1999341486,625565723,2624907209,0,0.009617,0,17,0.443817
GRC,GRC,70,90,160,1534689994,607188927,2141878921,3,0.007007,0,17,0.52956
ISR,ISR,60,96,156,1475342479,575640884,2050983363,3,0.005151,0,17,0.501237
TUR,TUR,84,131,215,7548881271,558828340,8107709611,3,0.009757,0,17,0.354902
SVN,SVN,62,81,143,713910736,555118378,1269029114,2,0.005826,0,17,0.591164
ZAF,ZAF,77,107,184,1096618819,477685258,1574304077,1,0.013529,0,17,0.396552
UKR,UKR,69,79,148,1851740801,419598016,2271338817,3,0.007042,0,17,0.509838
NOR,NOR,58,106,164,652645516,393761487,1046407003,2,0.00491,0,17,0.467117
IRN,IRN,54,77,131,718128319,393264978,1111393297,3,0.005326,0,17,0.57498
DNK,DNK,55,119,174,1533950158,392816334,1926766492,2,0.004817,0,17,0.411415
HRV,HRV,63,48,111,431758294,375098504,806856798,2,0.005684,0,17,0.665679
AUS,AUS,71,119,190,1294627713,349991007,1644618720,1,0.00715,0,17,0.343454
BLR,BLR,55,34,89,403143211,280243030,683386241,3,0.004777,0,17,0.696621
VNM,VNM,66,60,126,2720141852,244240417,2964382269,3,0.00912,0,17,0.581329
SRB,SRB,65,45,110,476764545,239205921,715970466,2,0.006228,0,17,0.588772
BGR,BGR,67,78,145,596775513,221787762,818563275,3,0.006002,0,17,0.488354
IRL,IRL,61,107,168,866646170,195567585,1062213755,2,0.005109,0,17,0.467223
OMN,OMN,50,54,104,240954659,182874769,423829428,3,0.004895,0,17,0.635759
LBY,LBY,46,24,70,131985911,165163645,297149556,3,0.003943,0,17,0.781971
PAK,PAK,69,77,146,1697176676,153973458,1851150134,3,0.009533,0,17,0.486623
AZE,AZE,45,21,66,186607261,129602803,316210064,3,0.004675,0,17,0.72449
BHS,BHS,14,11,25,6671116,124347381,131018497,4,0.001641,0,17,0.859307
LUX,LUX,41,60,101,558314613,103223743,661538356,2,0.003346,0,17,0.800273
PHL,PHL,51,69,120,1013325961,102520033,1115845994,1,0.006769,0,17,0.58309
NGA,NGA,101,52,153,1656482020,91530531,1748012551,1,0.025634,0,17,0.364607
UZB,UZB,32,14,46,79179148,79750525,158929673,3,0.003197,0,17,0.834921
VEN,VEN,48,32,80,435771112,79198597,514969709,4,0.005497,0,17,0.613092
EST,EST,48,54,102,210508985,70603346,281112331,3,0.004336,0,17,0.661772
PER,PER,54,33,87,1016997650,60506126,1077503776,4,0.004567,0,17,0.675843
TKM,TKM,22,7,29,69127782,48221951,117349733,3,0.002521,0,17,0.800725
JOR,JOR,49,38,87,463289442,43749732,507039174,3,0.004275,0,17,0.701442
URY,URY,40,29,69,319902491,40777930,360680421,0,0.003094,0,17,0.774673
PRK,PRK,18,60,78,9723524,38833922,48557446,1,0.001822,0,17,0.485315
TUN,TUN,57,37,94,496826006,34009634,530835640,1,0.006002,0,17,0.616197
CHL,CHL,55,51,106,1221653006,29564450,1251217456,4,0.005638,0,17,0.62777
NZL,NZL,55,56,111,569857394,28481802,598339196,1,0.005459,0,17,0.487544
LVA,LVA,45,34,79,191280284,27455894,218736178,2,0.003618,0,17,0.796081
DOM,DOM,42,37,79,340496876,24733089,365229965,4,0.005273,0,17,0.481638
BIH,BIH,53,25,78,124246918,22312003,146558921,2,0.004208,0,17,0.782581
LBN,LBN,58,55,113,302591183,21505170,324096353,0,0.00529,0,17,0.48053
CRI,CRI,51,35,86,413577041,20127885,433704926,4,0.005493,0,17,0.618033
GTM,GTM,43,34,77,508910743,18988216,527898959,4,0.004247,0,17,0.664732
DZA,DZA,59,15,74,738874343,18786038,757660381,0,0.006389,0,17,0.747268
SYR,SYR,46,36,82,970820126,17801785,988621911,0,0.003622,0,17,0.687019
KEN,KEN,55,32,87,528489488,16577019,545066507,1,0.005778,0,17,0.556534
SEN,SEN,47,30,77,109787869,15016724,124804593,0,0.007158,0,17,0.529808
SLV,SLV,42,16,58,228554943,13817329,242372272,4,0.004185,0,17,0.758457
CYP,CYP,53,32,85,128313410,13187255,141500665,3,0.004278,0,17,0.751408
NIC,NIC,31,13,44,28865613,12716342,41581955,4,0.003245,0,17,0.794118
HND,HND,39,16,55,162638919,11479697,174118616,4,0.005935,0,17,0.654334
BLZ,BLZ,13,3,16,3440884,10471100,13911984,1,0.001976,0,17,0.78022
LKA,LKA,52,43,95,418019523,9659882,427679405,3,0.006755,0,17,0.669712
CIV,CIV,51,17,68,241483707,8769679,250253386,4,0.006298,0,17,0.656011
TTO,TTO,43,33,76,109806582,8018636,117825218,4,0.006563,0,17,0.540678
MAR,MAR,53,46,99,846785017,7739879,854524896,1,0.004546,0,17,0.595266
PAN,PAN,43,39,82,95040598,7696847,102737445,4,0.004456,0,17,0.540437
TZA,TZA,50,23,73,303499638,6740749,310240387,1,0.005691,0,17,0.653955
ECU,ECU,45,36,81,554135749,6599030,560734779,0,0.004407,0,17,0.658971
AGO,AGO,70,6,76,100770303,6081039,106851342,0,0.013313,0,17,0.539839
MKD,MKD,48,15,63,81236420,5718180,86954600,2,0.00388,0,17,0.787843
PSE,PSE,23,5,28,27535138,4994530,32529668,3,0.002167,0,17,0.926877
TJK,TJK,15,2,17,2863743,4785311,7649054,0,0.001852,0,17,0.761029
MLT,MLT,43,25,68,51410905,4534109,55945014,1,0.003314,0,17,0.859592
KAZ,KAZ,57,18,75,338995645,4181520,343177165,0,0.005395,0,17,0.732514
SOM,SOM,9,2,11,71460290,4124595,75584885,3,0.00134,0,17,0.909091
MUS,MUS,38,21,59,82887025,3782177,86669202,3,0.00387,0,17,0.665714
BHR,BHR,41,23,64,209914286,3417053,213331339,1,0.003165,0,17,0.86864
BGD,BGD,61,22,83,809311789,3133807,812445596,1,0.007929,0,17,0.65
GHA,GHA,58,18,76,369136853,3007347,372144200,3,0.006646,0,17,0.651683
PRY,PRY,29,14,43,155387246,2339272,157726518,0,0.002391,0,17,0.832442
ARM,ARM,42,8,50,100474528,2059817,102534345,3,0.003798,0,17,0.819767
CMR,CMR,47,15,62,72406515,1828494,74235009,0,0.006165,0,17,0.711373
BWA,BWA,15,7,22,19304635,1773640,21078275,1,0.002228,0,17,0.692982
MDA,MDA,45,6,51,70779292,1754946,72534238,3,0.003627,0,17,0.855072
GEO,GEO,43,26,69,70171624,1641497,71813121,3,0.004498,0,17,0.737037
GUM,GUM,8,3,11,61507,1527402,1588909,1,0.001168,0,17,0.690909
BMU,BMU,10,1,11,383334,1413880,1797214,1,0.001349,0,17,0.936364
YEM,YEM,40,10,50,262384308,1400156,263784464,1,0.003448,0,17,0.807576
SMR,SMR,13,10,23,10146354,1276305,11422659,2,0.001536,0,17,0.95
UGA,UGA,42,12,54,111873879,1198768,113072647,3,0.00398,0,17,0.669796
ZWE,ZWE,35,8,43,50301954,1165636,51467590,0,0.004049,0,17,0.764507
MDG,MDG,40,4,44,71128747,1149797,72278544,3,0.003328,0,17,0.871341
TGO,TGO,30,8,38,30893539,1147522,32041061,0,0.003073,0,17,0.807563
LAO,LAO,12,4,16,12946253,1114879,14061132,1,0.001472,0,17,0.819048
SWZ,SWZ,8,21,29,5356424,1064160,6420584,1,0.002113,0,17,0.716667
BFA,BFA,35,5,40,9350634,876429,10227063,4,0.004118,0,17,0.807563
SDN,SDN,44,5,49,206754871,844518,207599389,3,0.005988,0,17,0.715541
MLI,MLI,36,20,56,26159692,703325,26863017,4,0.006196,0,17,0.702564
BRB,BRB,26,18,44,13048819,607076,13655895,4,0.003574,0,17,0.526276
FJI,FJI,17,12,29,41005477,501663,41507140,1,0.001969,0,17,0.528333
ISL,ISL,35,40,75,34742710,488273,35230983,3,0.002856,0,17,0.789388
LBR,LBR,20,10,30,65745255,464303,66209558,3,0.002266,0,17,0.809117
KGZ,KGZ,29,7,36,37271041,438075,37709116,0,0.003161,0,17,0.812903
COG,COG,36,6,42,66497714,406354,66904068,3,0.00606,0,17,0.711238
NAM,NAM,27,13,40,12667805,398010,13065815,2,0.004735,0,17,0.731729
TCA,TCA,9,4,13,768732,381114,1149846,4,0.001321,0,17,0.788462
GIB,GIB,9,4,13,90126,361078,451204,0,0.001267,0,17,0.810606
JAM,JAM,33,8,41,64638878,348959,64987837,4,0.004568,0,17,0.686508
WLF,WLF,2,4,6,672,344964,345636,1,0.001302,0,17,0.6
SLE,SLE,30,8,38,2750160,327499,3077659,0,0.002967,0,17,0.842857
GIN,GIN,35,8,43,27145309,316124,27461433,1,0.004253,0,17,0.738265
BOL,BOL,33,7,40,162904349,309444,163213793,4,0.002722,0,17,0.907563
NPL,NPL,20,4,24,25420506,297208,25717714,3,0.00208,0,17,0.891304
GAB,GAB,40,11,51,12640735,284054,12924789,0,0.00789,0,17,0.686047
CAF,CAF,8,2,10,572923,283900,856823,4,0.001225,0,17,0.888889
ALB,ALB,35,13,48,49575512,281646,49857158,2,0.003182,0,17,0.783401
VGB,VGB,16,7,23,7000282,279986,7280268,2,0.001893,0,17,0.764286
BTN,BTN,7,3,10,4267232,273853,4541085,3,0.001066,0,17,0.819444
BRN,BRN,23,13,36,5792839,272946,6065785,0,0.002004,0,17,0.983077
ESH,ESH,0,1,1,0,272068,272068,1,0.000746,0,18,0
ASM,ASM,4,11,15,50708,260306,311014,1,0.001101,0,17,0.471429
VCT,VCT,9,2,11,1170370,245649,1416019,4,0.001472,0,17,0.609091
CPV,CPV,20,8,28,4315269,231748,4547017,0,0.00236,0,17,0.810277
GNQ,GNQ,18,3,21,1146624,220006,1366630,4,0.002838,0,17,0.786842
PNG,PNG,19,4,23,11154571,206026,11360597,1,0.001863,0,17,0.907895
MMR,MMR,21,5,26,121894565,187378,122081943,1,0.002023,0,17,0.990119
ZMB,ZMB,43,7,50,99107089,168566,99275655,3,0.006967,0,17,0.683838
IRQ,IRQ,26,3,29,119596226,165194,119761420,3,0.002277,0,17,0.932308
CYM,CYM,7,1,8,184163,163482,347645,4,0.001701,0,17,0.678571
ETH,ETH,52,7,59,156339809,160614,156500423,3,0.004599,0,17,0.782792
MNG,MNG,19,2,21,15211007,154033,15365040,1,0.002084,0,17,0.952632
AND,AND,9,12,21,3697162,153737,3850899,3,0.001287,0,17,0.683007
PYF,PYF,27,5,32,8737283,153239,8890522,1,0.002734,0,17,0.933498
NER,NER,20,14,34,4094441,147172,4241613,0,0.003664,0,17,0.745968
MRT,MRT,30,3,33,56703604,143551,56847155,3,0.002897,0,17,0.832386
MNE,MNE,31,8,39,17558368,141449,17699817,1,0.002877,0,17,0.924242
DMA,DMA,16,6,22,1468045,136933,1604978,4,0.002064,0,17,0.690476
STP,STP,6,5,11,99752,93774,193526,2,0.002051,0,17,0.788889
AFG,AFG,17,5,22,83344660,87805,83432465,3,0.001973,0,17,0.845238
ATG,ATG,12,2,14,1621030,69289,1690319,4,0.00265,0,17,0.763736
GUY,GUY,24,6,30,10692459,66996,10759455,4,0.002792,0,17,0.738462
ABW,ABW,55,9,64,6804173,59352,6863525,1,0.011862,0,17,0.642532
HTI,HTI,20,3,23,10535756,57401,10593157,4,0.003327,0,17,0.809524
BEN,BEN,24,5,29,18253214,54208,18307422,1,0.003477,0,17,0.755291
SYC,SYC,27,3,30,2869553,54065,2923618,1,0.002521,0,17,0.897783
SUR,SUR,29,6,35,11245700,53636,11299336,4,0.004819,0,17,0.697849
MOZ,MOZ,43,6,49,69231761,51160,69282921,3,0.007006,0,17,0.642424
KHM,KHM,22,5,27,52621938,47873,52669811,1,0.002322,0,17,0.891304
NRU,NRU,4,2,6,19845,47320,67165,1,0.00103,0,17,0.8
GMB,GMB,22,4,26,2978670,42600,3021270,0,0.002506,0,17,0.873188
FRO,FRO,17,3,20,2260431,40560,2300991,2,0.002001,0,17,0.71345
LSO,LSO,4,2,6,730400,39853,770253,1,0.000927,0,17,0.933333
GNB,GNB,9,1,10,2195133,35110,2230243,0,0.001587,0,17,0.833333
CCK,CCK,2,4,6,28396,33719,62115,2,0.00085,0,17,0.95
RWA,RWA,26,4,30,41285157,31785,41316942,3,0.005451,0,17,0.768519
KIR,KIR,4,3,7,15441,26253,41694,2,0.001072,0,17,0.766667
WSM,WSM,9,3,12,233693,25258,258951,1,0.001413,0,17,0.902778
TKL,TKL,3,2,5,48683,25056,73739,2,0.000892,0,17,0.85
PLW,PLW,11,1,12,29516,23514,53030,4,0.0019,0,17,0.757576
ERI,ERI,11,2,13,36412683,22325,36435008,3,0.001559,0,17,0.929487
MDV,MDV,20,1,21,44646385,21347,44667732,3,0.001931,0,17,0.981579
DJI,DJI,26,4,30,62537756,19688,62557444,3,0.002568,0,17,0.917488
TLS,TLS,8,1,9,147365,19600,166965,3,0.001141,0,17,0.888889
MWI,MWI,34,3,37,48834283,16921,48851204,3,0.005269,0,17,0.796639
CXR,CXR,5,1,6,20196,15900,36096,4,0.000993,0,17,1
KNA,KNA,12,1,13,226904,14500,241404,4,0.003415,0,17,0.621212
IOT,IOT,2,2,4,3545,14292,17837,3,0.000849,0,17,0.666667
NCL,NCL,31,5,36,10755114,12299,10767413,1,0.002784,0,17,0.82437
NFK,NFK,2,1,3,24460,12000,36460,0,0.000869,0,17,0.833333
CUB,CUB,36,5,41,30881560,7876,30889436,4,0.003267,0,17,0.848348
SHN,SHN,2,3,5,19392,6741,26133,4,0.000859,0,17,0.85
COD,COD,31,4,35,29143563,6058,29149621,0,0.007004,0,17,0.658144
GRL,GRL,9,1,10,250276,2000,252276,2,0.00123,0,17,1
SLB,SLB,13,1,14,960488,1599,962087,1,0.001866,0,17,0.879121
UMI,UMI,3,3,6,101820,1417,103237,0,0.000895,0,17,0.8
MNP,MNP,5,1,6,15648,580,16228,0,0.00096,0,17,0.966667
BDI,BDI,17,1,18,1461978,323,1462301,1,0.00325,0,17,0.748366
MHL,MHL,3,1,4,393,76,469,1,0.000956,0,9,0.416667
GRD,GRD,12,1,13,466277,45,466322,4,0.001813,0,17,0.833333
FLK,FLK,1,1,2,27,45,72,3,0.000795,0,17,1
LCA,LCA,14,1,15,2220848,23,2220871,4,0.002221,0,17,0.757143
TCD,TCD,8,0,8,701321,0,701321,2,0.001225,0,14,1
MYT,MYT,17,0,17,403714,0,403714,2,0.002598,0,3,0.783088
TON,TON,7,0,7,214206,0,214206,1,0.001204,0,10,0.928571
SPM,SPM,3,0,3,177956,0,177956,1,0.000922,0,8,1
VUT,VUT,11,0,11,146534,0,146534,1,0.001892,0,4,0.827273
COM,COM,8,0,8,108148,0,108148,3,0.001501,0,7,0.75
FSM,FSM,9,0,9,83285,0,83285,1,0.00222,0,2,0.625
TUV,TUV,3,0,3,82600,0,82600,1,0.000977,0,11,0.833333
AIA,AIA,8,0,8,70452,0,70452,4,0.001287,0,1,0.892857
PCN,PCN,1,0,1,38170,0,38170,4,0.000808,0,16,0
VAT,VAT,1,0,1,29978,0,29978,4,0.000808,0,15,0
NIU,NIU,2,0,2,21503,0,21503,4,0.000891,0,12,1
COK,COK,3,0,3,6695,0,6695,1,0.000932,0,13,1
MSR,MSR,2,0,2,1354,0,1354,4,0.000837,0,6,1
ATF,ATF,3,0,3,1010,0,1010,3,0.00104,0,0,0.5
ATA,ATA,1,0,1,1,0,1,2,0.000861,0,5,0
