USA,USA,107,183,290,13425542792,31936776992,45362319784,1,0.01523,0,16,0.251847
SAU,SAU,65,161,226,1591243111,26100256853,27691499964,0,0.005586,0,16,0.303159
KOR,KOR,84,169,253,3172708603,25169871371,28342579974,0,0.008626,0,16,0.286137
DEU,DEU,90,181,271,18972841440,23109493518,42082334958,2,0.009746,0,16,0.260528
BEL,BEL,85,170,255,10343719543,21862425461,32206145004,2,0.010965,0,16,0.288235
NLD,NLD,140,187,327,5980888817,16250987921,22231876738,2,0.027969,0,16,0.232324
SGP,SGP,82,143,225,4527409021,14133013542,18660422563,0,0.009192,0,16,0.343724
CHN,CHN,119,188,307,46276954560,14100734075,60377688635,0,0.017218,0,16,0.239794
THA,THA,78,163,241,3484004564,11257102203,14741106767,0,0.00844,0,16,0.30133
FRA,FRA,112,176,288,9406840233,10932124301,20338964534,2,0.023915,0,16,0.256603
CAN,CAN,79,153,232,6585412687,8406612148,14992024835,1,0.008142,0,16,0.320261
JPN,JPN,61,143,204,4195273608,8097602896,12292876504,0,0.005454,0,16,0.361305
ESP,ESP,96,162,258,5801784277,7384540850,13186325127,2,0.011601,0,16,0.30428
ARE,ARE,82,154,236,3286807527,6998667499,10285475026,0,0.009101,0,16,0.315042
ITA,ITA,91,167,258,13483462090,6050889861,19534351951,2,0.009919,0,16,0.293233
IRN,IRN,56,81,137,1199267749,5392407779,6591675528,0,0.005888,0,16,0.553527
MYS,MYS,79,137,216,5596102021,5343765308,10939867329,0,0.008626,0,16,0.351874
IND,IND,100,164,264,9735569817,3580923206,13316493023,0,0.015948,0,16,0.294892
GBR,GBR,92,177,269,7148843586,3547268668,10696112254,2,0.010492,0,16,0.266235
POL,POL,80,124,204,7009149142,3374188634,10383337776,2,0.008625,0,16,0.401409
BRA,BRA,81,121,202,4415395307,3280546696,7695942003,3,0.009628,0,16,0.409141
RUS,RUS,75,97,172,3635320910,2559057364,6194378274,2,0.006982,0,16,0.506436
AUT,AUT,76,140,216,2642541564,2542269769,5184811333,2,0.007169,0,16,0.374238
HUN,HUN,55,92,147,1601016175,2479862284,4080878459,2,0.003961,0,16,0.592099
MEX,MEX,63,92,155,9767835399,2419831657,12187667056,1,0.005009,0,16,0.564402
SWE,SWE,67,132,199,2009572187,2277676088,4287248275,2,0.005192,0,16,0.416435
QAT,QAT,55,120,175,313349276,1967016526,2280365802,0,0.004269,0,16,0.437158
CZE,CZE,75,112,187,3274053455,1958562701,5232616156,2,0.008169,0,16,0.462496
KWT,KWT,59,72,131,348150552,1735990181,2084140733,0,0.004773,0,16,0.607592
IDN,IDN,66,109,175,5880585147,1597951660,7478536807,0,0.007515,0,16,0.423384
PRT,PRT,68,121,189,2451591771,1395936441,3847528212,2,0.005628,0,16,0.423164
TUR,TUR,82,151,233,11535846204,1293838248,12829684452,2,0.008784,0,16,0.33008
FIN,FIN,60,120,180,1118967963,1284067928,2403035891,2,0.004867,0,16,0.459848
COL,COL,67,74,141,1643383538,1238644753,2882028291,3,0.005818,0,16,0.525738
SVK,SVK,78,71,149,1169607568,1186933320,2356540888,2,0.011734,0,16,0.519218
LTU,LTU,54,86,140,737271131,999273035,1736544166,2,0.00404,0,16,0.613483
ZAF,ZAF,79,129,208,1320833430,954786507,2275619937,0,0.009782,0,16,0.371788
EGY,EGY,71,125,196,3245694051,820510853,4066204904,2,0.006365,0,16,0.391432
ARG,ARG,59,69,128,1655295069,771031734,2426326803,3,0.004897,0,16,0.652623
VNM,VNM,72,103,175,6950375485,717673709,7668049194,0,0.008044,0,16,0.471511
CHE,CHE,76,149,225,1748149204,656607278,2404756482,2,0.006476,0,16,0.344609
ISR,ISR,66,93,159,1398935793,648299975,2047235768,2,0.008897,0,16,0.522874
GRC,GRC,65,104,169,1201692494,616932580,1818625074,2,0.005956,0,16,0.516891
ROU,ROU,63,101,164,1730324975,564674721,2294999696,2,0.005747,0,16,0.540693
BLR,BLR,60,50,110,1004312095,559814833,1564126928,2,0.00458,0,16,0.700913
OMN,OMN,63,87,150,540881524,522576879,1063458403,0,0.005407,0,16,0.52303
SVN,SVN,63,94,157,761131207,470789175,1231920382,2,0.005057,0,16,0.557617
PHL,PHL,60,71,131,1492355329,347029045,1839384374,0,0.005401,0,16,0.61717
NOR,NOR,64,107,171,493370180,303726737,797096917,2,0.004999,0,16,0.504095
PAK,PAK,71,92,163,1926907832,303204812,2230112644,2,0.008862,0,16,0.448239
AUS,AUS,69,123,192,1407729704,274885808,1682615512,0,0.006474,0,16,0.383781
AZE,AZE,42,22,64,204612367,247875427,452487794,0,0.003417,0,16,0.830674
SRB,SRB,64,53,117,672281619,234258726,906540345,2,0.005497,0,16,0.683243
BGR,BGR,59,81,140,843902177,223948805,1067850982,2,0.005173,0,16,0.65132
DNK,DNK,65,129,194,1404692403,210084169,1614776572,2,0.005384,0,16,0.405402
IRL,IRL,66,117,183,797980799,194179063,992159862,2,0.006526,0,16,0.443504
CHL,CHL,69,58,127,1504868962,128411473,1633280435,0,0.00591,0,16,0.63858
LUX,LUX,54,84,138,606978337,115121455,722099792,2,0.004686,0,16,0.625255
JOR,JOR,57,36,93,898907286,112624961,1011532247,1,0.004339,0,16,0.687371
BHS,BHS,20,12,32,3490872,109803416,113294288,1,0.002056,0,16,0.843305
PER,PER,65,47,112,1747472878,105386900,1852859778,0,0.005287,0,16,0.668597
LVA,LVA,48,55,103,262249702,93546534,355796236,2,0.003689,0,16,0.709557
KAZ,KAZ,54,27,81,601305055,75183677,676488732,2,0.004659,0,16,0.802825
UKR,UKR,68,74,142,1604590655,74653570,1679244225,2,0.005682,0,16,0.556498
TKM,TKM,30,14,44,57701021,74474340,132175361,2,0.002659,0,16,0.848413
HRV,HRV,57,44,101,467996654,71172314,539168968,2,0.004195,0,16,0.755487
EST,EST,52,59,111,311430079,63289782,374719861,0,0.003693,0,16,0.760455
TUN,TUN,62,53,115,700345348,61388628,761733976,0,0.005662,0,16,0.586073
URY,URY,50,30,80,334951553,56634432,391585985,3,0.004132,0,16,0.768849
GTM,GTM,57,33,90,664760560,42002927,706763487,0,0.005488,0,16,0.746932
DOM,DOM,56,42,98,404137245,40642252,444779497,0,0.007664,0,16,0.495737
MMR,MMR,49,10,59,607302369,38677708,645980077,0,0.007292,0,16,0.714286
ECU,ECU,68,53,121,873352435,37178379,910530814,0,0.006176,0,16,0.585341
PRY,PRY,47,12,59,279654717,29897011,309551728,0,0.004006,0,16,0.845513
LBN,LBN,57,60,117,481422479,29020069,510442548,1,0.00479,0,16,0.497731
UZB,UZB,35,11,46,375396673,24404630,399801303,0,0.003701,0,16,0.885714
NZL,NZL,61,64,125,529479026,20921910,550400936,0,0.005079,0,16,0.511761
SLV,SLV,54,23,77,328688553,20865111,349553664,0,0.004914,0,16,0.744156
MAR,MAR,58,56,114,1285784133,18138459,1303922592,0,0.005029,0,16,0.587963
MKD,MKD,51,24,75,97224079,17781274,115005353,2,0.003828,0,16,0.87627
CRI,CRI,58,42,100,408190520,17298012,425488532,0,0.004764,0,16,0.713221
BGD,BGD,55,24,79,1882842338,16515272,1899357610,0,0.007829,0,16,0.650789
PRK,PRK,11,51,62,18598679,15718285,34316964,0,0.001442,0,16,0.459469
NGA,NGA,77,27,104,1598435700,15150650,1613586350,0,0.009758,0,16,0.60679
VEN,VEN,40,25,65,159297720,14066329,173364049,1,0.003743,0,16,0.774235
KEN,KEN,63,31,94,909295524,13450454,922745978,0,0.006732,0,16,0.579279
HND,HND,44,24,68,149050417,11402022,160452439,1,0.003902,0,16,0.810628
PAN,PAN,45,40,85,73282649,9222716,82505365,0,0.004035,0,16,0.565476
TTO,TTO,46,32,78,100250346,7079052,107329398,0,0.00477,0,16,0.558699
LKA,LKA,52,47,99,481592048,6925896,488517944,0,0.003825,0,16,0.703538
CIV,CIV,60,25,85,519203248,6887999,526091247,0,0.007226,0,16,0.649254
SEN,SEN,52,41,93,170679465,6629586,177309051,0,0.00648,0,16,0.534004
UGA,UGA,49,15,64,135489796,6378494,141868290,0,0.004186,0,16,0.749675
NIC,NIC,42,14,56,38223389,5967747,44191136,1,0.003848,0,16,0.797569
ARM,ARM,45,8,53,53397620,5782638,59180258,0,0.004707,0,16,0.845051
BIH,BIH,55,28,83,180256909,5447694,185704603,2,0.004069,0,16,0.830611
BOL,BOL,54,11,65,246681755,5008126,251689881,3,0.004254,0,16,0.822222
KHM,KHM,36,40,76,175383071,4869126,180252197,0,0.003358,0,16,0.840408
BHR,BHR,50,25,75,288337908,3921549,292259457,0,0.003846,0,16,0.759399
SYR,SYR,32,12,44,134412689,3699884,138112573,0,0.002691,0,16,0.866667
GEO,GEO,56,28,84,108866218,3622540,112488758,0,0.004943,0,16,0.771311
MDA,MDA,51,14,65,56341162,3554361,59895523,2,0.003911,0,16,0.781818
TZA,TZA,61,18,79,521978090,3409365,525387455,0,0.008405,0,16,0.632867
TJK,TJK,23,2,25,49317788,3132500,52450288,0,0.002559,0,16,0.818333
KGZ,KGZ,34,6,40,66229367,3049137,69278504,0,0.003369,0,16,0.886555
CUW,CUW,19,7,26,8621026,2970491,11591517,0,0.002899,0,16,0.78355
PSE,PSE,40,1,41,55514120,2878614,58392734,0,0.003024,0,16,0.948718
CYP,CYP,45,28,73,55719790,2827420,58547210,2,0.003252,0,16,0.853948
MOZ,MOZ,37,10,47,121029985,2213512,123243497,0,0.005197,0,16,0.718293
MUS,MUS,45,24,69,88856221,2134219,90990440,0,0.00378,0,16,0.77079
BWA,BWA,21,10,31,50161202,2097652,52258854,0,0.002686,0,16,0.749288
NAM,NAM,27,20,47,38680726,1865133,40545859,0,0.002487,0,16,0.739541
MLT,MLT,50,29,79,76909076,1728362,78637438,0,0.003707,0,16,0.797078
ZWE,ZWE,38,10,48,108537425,1614594,110152019,0,0.00468,0,16,0.807692
GHA,GHA,67,22,89,509039043,1529999,510569042,0,0.008458,0,16,0.592527
CMR,CMR,54,25,79,99002535,1281540,100284075,0,0.005254,0,16,0.708884
SDN,SDN,56,9,65,330383772,1229779,331613551,0,0.00726,0,16,0.620057
WSM,WSM,14,5,19,829693,1154038,1983731,2,0.001788,0,16,0.816176
SWZ,SWZ,16,32,48,30241748,1139565,31381313,0,0.002084,0,16,0.622436
ALB,ALB,40,17,57,59995040,1125329,61120369,2,0.004005,0,16,0.818182
LAO,LAO,12,5,17,43883361,1100061,44983422,0,0.001337,0,16,0.994505
TGO,TGO,42,12,54,168338869,1022752,169361621,0,0.004017,0,16,0.737145
AGO,AGO,66,23,89,236517209,903359,237420568,0,0.009093,0,16,0.580282
ETH,ETH,50,5,55,316509203,784455,317293658,0,0.005102,0,16,0.783137
FJI,FJI,22,15,37,31367304,745003,32112307,0,0.002514,0,16,0.517045
MNG,MNG,32,5,37,41822609,642308,42464917,0,0.002582,0,16,0.966132
BLZ,BLZ,14,15,29,3882894,515557,4398451,0,0.001808,0,16,0.766154
ZMB,ZMB,54,9,63,162115289,504926,162620215,0,0.006302,0,16,0.684524
SMR,SMR,12,12,24,737267,480629,1217896,2,0.0015,0,16,0.926407
ISL,ISL,36,51,87,23068508,452841,23521349,2,0.002786,0,16,0.762147
TCD,TCD,17,2,19,34089274,441251,34530525,0,0.002411,0,16,0.859649
MWI,MWI,39,7,46,83042799,396938,83439737,0,0.005796,0,16,0.809717
ASM,ASM,4,6,10,5267,386624,391891,0,0.001248,0,16,0.347222
MNE,MNE,35,4,39,8371521,365374,8736895,0,0.003572,0,16,0.867227
CPV,CPV,26,2,28,2884167,316272,3200439,2,0.002358,0,16,0.901709
BEN,BEN,34,8,42,13741255,314373,14055628,2,0.004031,0,16,0.750751
VCT,VCT,12,5,17,1021069,291101,1312170,1,0.002786,0,16,0.514286
NER,NER,27,13,40,37180100,282017,37462117,0,0.003069,0,16,0.819073
NPL,NPL,27,7,34,223971996,281210,224253206,0,0.002298,0,16,0.922414
MDG,MDG,50,10,60,80805957,278498,81084455,0,0.005144,0,16,0.792816
SLE,SLE,29,12,41,33658118,273163,33931281,0,0.002535,0,16,0.866366
YEM,YEM,35,6,41,201073422,270431,201343853,0,0.002821,0,16,0.897619
SOM,SOM,13,4,17,34002103,269768,34271871,0,0.001685,0,16,0.891667
SYC,SYC,26,4,30,23559758,264653,23824411,0,0.002534,0,16,0.887566
VGB,VGB,7,11,18,365557,264111,629668,0,0.001307,0,16,0.617647
BTN,BTN,7,3,10,648137,257146,905283,0,0.001445,0,16,0.839286
CAF,CAF,10,4,14,407548,249382,656930,0,0.001581,0,16,0.724359
BFA,BFA,36,6,42,14994653,224029,15218682,0,0.003938,0,16,0.825236
HTI,HTI,20,3,23,21175661,215109,21390770,0,0.002243,0,16,0.916667
BRN,BRN,36,10,46,8294641,191637,8486278,2,0.004472,0,16,0.92619
DMA,DMA,14,7,21,5113255,168947,5282202,0,0.001939,0,16,0.697368
KIR,KIR,6,1,7,86605,162000,248605,0,0.001236,0,16,0.785714
JAM,JAM,40,14,54,36140748,161270,36302018,1,0.003643,0,16,0.724329
UMI,UMI,1,4,5,329351,148634,477985,1,0.000789,0,16,0.95
LBY,LBY,31,6,37,146627608,146993,146774601,0,0.002706,0,16,0.898185
ATG,ATG,12,8,20,237553,145475,383028,2,0.00192,0,16,0.624183
MRT,MRT,35,4,39,36509552,143586,36653138,0,0.00317,0,16,0.863363
MLI,MLI,30,5,35,25412595,116053,25528648,0,0.006288,0,16,0.819129
AND,AND,9,9,18,127397,115469,242866,2,0.00137,0,16,0.791667
CYM,CYM,10,2,12,1529570,115036,1644606,1,0.001678,0,16,0.901515
BRB,BRB,30,15,45,6571901,88223,6660124,2,0.004135,0,16,0.602418
GUY,GUY,28,7,35,9763901,73557,9837458,1,0.003649,0,16,0.769704
GAB,GAB,33,9,42,9882406,70998,9953404,2,0.003648,0,16,0.762763
DZA,DZA,60,9,69,1820124517,69198,1820193715,0,0.006311,0,16,0.77816
SUR,SUR,30,5,35,22780711,67501,22848212,1,0.003714,0,16,0.724798
FRO,FRO,10,6,16,672040,63924,735964,2,0.001309,0,16,0.967949
DJI,DJI,27,2,29,106419640,60881,106480521,0,0.002366,0,16,0.970443
LBR,LBR,22,3,25,20442335,55469,20497804,0,0.00205,0,16,0.918478
COG,COG,52,10,62,66916212,55279,66971491,0,0.006009,0,16,0.731818
BMU,BMU,12,1,13,445172,53892,499064,1,0.001462,0,16,0.99359
MDV,MDV,32,1,33,35885004,49000,35934004,0,0.002633,0,16,0.969758
SHN,SHN,1,2,3,1104,48439,49543,0,0.000809,0,16,0.833333
IRQ,IRQ,41,3,44,244678812,44266,244723078,0,0.00309,0,16,0.907085
LCA,LCA,16,2,18,1824133,39877,1864010,1,0.003044,0,16,0.6375
RWA,RWA,27,3,30,17829973,39450,17869423,0,0.002782,0,16,0.764368
PNG,PNG,17,5,22,16424526,38930,16463456,0,0.00191,0,16,0.862745
MHL,MHL,9,4,13,663586,37896,701482,1,0.001459,0,16,0.636364
AIA,AIA,4,2,6,24982,37260,62242,1,0.001042,0,16,0.75
ERI,ERI,9,3,12,425762,31125,456887,2,0.001303,0,16,1
COK,COK,3,1,4,12284,29920,42204,2,0.001082,0,16,0.666667
TLS,TLS,8,2,10,25800,27299,53099,0,0.001138,0,16,0.822222
SPM,SPM,3,1,4,3980,23750,27730,2,0.001032,0,16,1
GRD,GRD,9,4,13,216260,23275,239535,0,0.00169,0,16,0.598485
NRU,NRU,3,1,4,17541,22405,39946,0,0.000986,0,16,0.833333
NCL,NCL,30,6,36,11340239,17086,11357325,0,0.002969,0,16,0.790553
GIN,GIN,41,2,43,79281057,16305,79297362,0,0.00535,0,16,0.797561
CUB,CUB,38,5,43,63582490,13839,63596329,1,0.003567,0,16,0.836032
GUM,GUM,7,3,10,4650,9436,14086,0,0.001108,0,16,0.791667
TKL,TKL,1,3,4,22000,9301,31301,1,0.000815,0,16,0.75
BLM,BLM,4,1,5,3813,6422,10235,2,0.000995,0,16,1
PYF,PYF,29,4,33,4988661,5670,4994331,0,0.002487,0,16,0.866667
AFG,AFG,15,2,17,75853047,3912,75856959,0,0.001681,0,16,0.990476
MSR,MSR,1,1,2,1205,3000,4205,0,0.000795,0,16,0.5
ABW,ABW,12,3,15,667749,2287,670036,1,0.001767,0,16,0.820513
FSM,FSM,3,1,4,15094,1300,16394,0,0.000946,0,16,0.916667
NIU,NIU,2,1,3,8188,770,8958,2,0.000862,0,16,1
COM,COM,12,2,14,643827,550,644377,0,0.002426,0,16,0.757576
GIB,GIB,10,1,11,157536,442,157978,2,0.001322,0,16,1
BDI,BDI,22,1,23,7048542,252,7048794,0,0.003553,0,16,0.796537
STP,STP,12,2,14,498551,237,498788,0,0.003001,0,16,0.596154
BES,BES,5,2,7,28719,201,28920,2,0.001062,0,16,1
LSO,LSO,6,2,8,1119478,186,1119664,0,0.001147,0,16,0.880952
GNQ,GNQ,21,3,24,12670801,158,12670959,0,0.002581,0,16,0.839827
COD,COD,36,1,37,74666022,60,74666082,0,0.005071,0,16,0.788095
SLB,SLB,14,1,15,740361,40,740401,0,0.001876,0,16,0.833333
GMB,GMB,19,2,21,2513123,30,2513153,0,0.002167,0,16,0.947368
ESH,ESH,0,1,1,0,10,10,2,0.000744,0,17,0
TON,TON,7,1,8,528242,3,528245,0,0.001307,0,16,0.821429
SXM,SXM,6,1,7,59107,2,59109,1,0.001193,0,16,0.785714
GNB,GNB,14,0,14,9916155,0,9916155,0,0.001898,0,9,0.906593
FLK,FLK,3,0,3,1190631,0,1190631,2,0.000976,0,13,1
SSD,SSD,6,0,6,399407,0,399407,0,0.001369,0,8,0.9
KNA,KNA,13,0,13,378310,0,378310,1,0.002369,0,2,0.583333
VUT,VUT,10,0,10,166457,0,166457,0,0.001908,0,1,0.844444
GRL,GRL,14,0,14,79049,0,79049,2,0.001552,0,3,0.994505
TCA,TCA,3,0,3,62157,0,62157,1,0.001031,0,7,1
VAT,VAT,2,0,2,35200,0,35200,0,0.000866,0,14,1
MNP,MNP,3,0,3,24460,0,24460,0,0.000885,0,6,1
PLW,PLW,12,0,12,24165,0,24165,1,0.002014,0,0,0.659091
CCK,CCK,1,0,1,15000,0,15000,0,0.000788,0,15,0
WLF,WLF,3,0,3,823,0,823,0,0.001291,0,11,0.666667
TUV,TUV,2,0,2,466,0,466,0,0.000954,0,5,1
ATF,ATF,2,0,2,206,0,206,2,0.000817,0,10,1
NFK,NFK,1,0,1,187,0,187,0,0.000812,0,12,0
CXR,CXR,3,0,3,152,0,152,2,0.000979,0,4,0.666667
