USA,USA,109,188,297,15104393939,33712910535,48817304474,1,0.016741,0,15,0.243077
SAU,SAU,63,150,213,1283890604,30781955999,32065846603,0,0.005593,0,15,0.33286
KOR,KOR,94,168,262,3564226225,26901761307,30465987532,0,0.009834,0,15,0.298724
DEU,DEU,98,173,271,20555111779,25920213445,46475325224,2,0.009114,0,15,0.286958
BEL,BEL,89,176,265,12398711127,23170327823,35569038950,2,0.00848,0,15,0.27711
NLD,NLD,98,180,278,6558121916,17445661716,24003783632,2,0.012456,0,15,0.261156
CHN,CHN,114,187,301,49845792645,16830983396,66676776041,0,0.017877,0,15,0.247692
SGP,SGP,75,149,224,5849723581,12984278220,18834001801,0,0.007608,0,15,0.338587
FRA,FRA,104,179,283,10173191803,11771625499,21944817302,2,0.013324,0,15,0.261156
THA,THA,85,160,245,3768664375,11710629912,15479294287,0,0.01009,0,15,0.314474
JPN,JPN,62,136,198,4896286775,8531612895,13427899670,0,0.004733,0,15,0.392067
CAN,CAN,95,150,245,7114221334,8149447832,15263669166,1,0.013988,0,15,0.319564
ESP,ESP,102,170,272,6419147997,7746511044,14165659041,2,0.012612,0,15,0.288148
IRN,IRN,57,88,145,1175832995,7234230247,8410063242,0,0.004623,0,15,0.539304
ITA,ITA,98,166,264,14552038651,6618742978,21170781629,2,0.010746,0,15,0.304929
ARE,ARE,87,153,240,3564116858,6392467441,9956584299,0,0.011946,0,15,0.326066
MYS,MYS,76,139,215,5989753744,5587194651,11576948395,0,0.009802,0,15,0.356643
BRA,BRA,81,131,212,4645158052,4091164795,8736322847,1,0.007638,0,15,0.402104
GBR,GBR,91,178,269,7500993942,3941809357,11442803299,2,0.011302,0,15,0.266775
QAT,QAT,55,133,188,331090751,3900173543,4231264294,0,0.004048,0,15,0.385675
IND,IND,111,161,272,11498010451,3759073874,15257084325,0,0.018753,0,15,0.304307
POL,POL,89,131,220,8346852755,3534910328,11881763083,2,0.011187,0,15,0.379262
MEX,MEX,67,107,174,10016179409,3122320677,13138500086,1,0.005154,0,15,0.515479
RUS,RUS,76,108,184,4070026780,2980921756,7050948536,3,0.007192,0,15,0.479864
HUN,HUN,61,90,151,1871534326,2457145329,4328679655,2,0.004998,0,15,0.633578
SWE,SWE,65,133,198,2173669017,2429774392,4603443409,2,0.004832,0,15,0.413765
AUT,AUT,88,147,235,2767890052,2329446150,5097336202,2,0.010347,0,15,0.348902
CZE,CZE,80,117,197,3543004333,2177672050,5720676383,2,0.008016,0,15,0.45231
IDN,IDN,80,105,185,6228718094,1735599867,7964317961,0,0.008076,0,15,0.415234
EGY,EGY,68,135,203,3265307306,1688480833,4953788139,3,0.006164,0,15,0.387602
PRT,PRT,76,130,206,2596992444,1587991756,4184984200,2,0.007461,0,15,0.39403
TUR,TUR,87,156,243,13121746252,1427800791,14549547043,3,0.008863,0,15,0.32863
KWT,KWT,52,74,126,344214876,1375644946,1719859822,0,0.004145,0,15,0.600358
COL,COL,73,80,153,1612196222,1353900900,2966097122,1,0.00704,0,15,0.504242
FIN,FIN,57,118,175,1234712057,1317989242,2552701299,2,0.005454,0,15,0.471989
SVK,SVK,76,79,155,1363463867,1305308220,2668772087,2,0.009345,0,15,0.541022
ZAF,ZAF,88,133,221,1556918705,1109663471,2666582176,0,0.013362,0,15,0.348987
LTU,LTU,53,86,139,828712231,1107457306,1936169537,2,0.003773,0,15,0.635531
ARG,ARG,62,68,130,1658011159,1051903955,2709915114,1,0.005148,0,15,0.634207
VNM,VNM,74,118,192,8527995647,953986452,9481982099,0,0.007154,0,15,0.462259
UZB,UZB,49,53,102,498927401,896685883,1395613284,3,0.004275,0,15,0.701273
ISR,ISR,66,98,164,1530575864,887352416,2417928280,3,0.007879,0,15,0.498544
BLR,BLR,63,50,113,1121612964,765529359,1887142323,3,0.004781,0,15,0.716941
OMN,OMN,49,98,147,482102068,743785484,1225887552,0,0.003536,0,15,0.476895
CHE,CHE,76,144,220,1730913949,705951738,2436865687,2,0.006235,0,15,0.373446
GRC,GRC,65,98,163,1322251198,693180974,2015432172,3,0.004784,0,15,0.571717
ROU,ROU,67,104,171,1889669428,601801542,2491470970,3,0.005276,0,15,0.536658
SVN,SVN,68,83,151,896781938,555615852,1452397790,2,0.005908,0,15,0.633708
PAK,PAK,75,83,158,2474387104,347200091,2821587195,1,0.009757,0,15,0.501333
PHL,PHL,60,67,127,1810342016,341368171,2151710187,0,0.005293,0,15,0.562565
NOR,NOR,66,103,169,524710912,335786483,860497395,2,0.005363,0,15,0.550873
SRB,SRB,71,61,132,797563588,304185171,1101748759,3,0.005769,0,15,0.62409
AUS,AUS,73,128,201,1656484584,278538981,1935023565,0,0.00713,0,15,0.377888
UKR,UKR,74,67,141,1826435377,244112220,2070547597,3,0.006563,0,15,0.602365
BGR,BGR,61,86,147,933634009,237089455,1170723464,3,0.004309,0,15,0.606358
AZE,AZE,56,24,80,241257150,224337104,465594254,3,0.004134,0,15,0.786674
DNK,DNK,63,130,193,1437098487,223707605,1660806092,2,0.005204,0,15,0.422725
IRL,IRL,63,119,182,895973248,212095962,1108069210,2,0.005524,0,15,0.446821
BHS,BHS,21,12,33,2417437,184208795,186626232,1,0.002174,0,15,0.80291
CHL,CHL,66,53,119,1526927253,142326740,1669253993,0,0.005595,0,15,0.737089
LUX,LUX,55,81,136,740482096,132226164,872708260,2,0.00454,0,15,0.649248
LVA,LVA,48,58,106,425347251,125022507,550369758,2,0.003495,0,15,0.709731
JOR,JOR,58,39,97,834854254,107707272,942561526,0,0.004683,0,15,0.697516
EST,EST,54,58,112,343649031,88508570,432157601,0,0.003785,0,15,0.825408
TUN,TUN,61,52,113,780009027,88061135,868070162,0,0.004818,0,15,0.630834
PER,PER,67,49,116,1788480585,84057643,1872538228,0,0.00568,0,15,0.621379
NGA,NGA,68,39,107,1696003429,83771144,1779774573,0,0.007449,0,15,0.607108
TKM,TKM,29,14,43,67213949,64969213,132183162,3,0.002622,0,15,0.833613
URY,URY,57,34,91,284854123,62959237,347813360,1,0.004214,0,15,0.787879
HRV,HRV,58,54,112,503483677,57142679,560626356,2,0.004525,0,15,0.732394
KAZ,KAZ,59,27,86,680111036,52176123,732287159,3,0.004631,0,15,0.783482
LBN,LBN,59,61,120,572382451,51182916,623565367,0,0.004642,0,15,0.499299
MAR,MAR,61,60,121,1279404286,45342905,1324747191,0,0.005333,0,15,0.567094
VEN,VEN,41,30,71,48320280,43870776,92191056,1,0.003427,0,15,0.814061
ECU,ECU,68,47,115,919977715,35259634,955237349,1,0.005898,0,15,0.63212
GTM,GTM,61,32,93,758346357,34363378,792709735,1,0.005357,0,15,0.719406
DOM,DOM,65,44,109,461595856,31036951,492632807,1,0.006744,0,15,0.545017
SLV,SLV,53,26,79,392355694,22815201,415170895,1,0.005306,0,15,0.73775
NZL,NZL,58,60,118,550403496,22626245,573029741,0,0.004871,0,15,0.509877
MKD,MKD,57,25,82,96478524,22323413,118801937,3,0.004422,0,15,0.833723
PRY,PRY,50,13,63,272528518,21440017,293968535,0,0.004089,0,15,0.856863
CRI,CRI,57,41,98,412613110,19588650,432201760,0,0.006296,0,15,0.658042
KEN,KEN,65,34,99,927313918,17217948,944531866,0,0.006823,0,15,0.614506
SEN,SEN,48,39,87,183223976,16674382,199898358,0,0.006315,0,15,0.556942
HND,HND,48,28,76,168688416,16024366,184712782,1,0.003995,0,15,0.771837
MMR,MMR,42,11,53,740062029,14430620,754492649,0,0.00366,0,15,0.795587
KHM,KHM,34,51,85,180463532,10617519,191081051,0,0.003339,0,15,0.811555
PAN,PAN,53,45,98,115858118,8795319,124653437,0,0.004707,0,15,0.533153
BHR,BHR,47,28,75,249697601,8779304,258476905,1,0.003368,0,15,0.803247
PRK,PRK,6,47,53,24981438,8213058,33194496,0,0.001116,0,15,0.379677
CIV,CIV,63,30,93,529494113,7570602,537064715,0,0.006843,0,15,0.627568
CYP,CYP,55,32,87,93463729,5761256,99224985,0,0.00384,0,15,0.87405
GEO,GEO,53,37,90,123378579,5555916,128934495,0,0.004594,0,15,0.781618
KGZ,KGZ,33,6,39,83495107,5003328,88498435,0,0.002834,0,15,0.911932
NAM,NAM,29,22,51,55051935,4788392,59840327,0,0.002644,0,15,0.807692
BIH,BIH,58,27,85,215856065,4133416,219989481,3,0.004756,0,15,0.845628
AGO,AGO,58,25,83,223140627,4127441,227268068,0,0.006145,0,15,0.604704
ARM,ARM,48,5,53,84427973,3744503,88172476,0,0.003412,0,15,0.85119
LKA,LKA,59,43,102,504438481,3667240,508105721,0,0.006219,0,15,0.640411
TTO,TTO,34,22,56,38136836,3651323,41788159,0,0.003846,0,15,0.666113
PSE,PSE,36,1,37,93686099,3562131,97248230,0,0.002667,0,15,0.944444
MDA,MDA,49,13,62,65884483,3416100,69300583,2,0.003537,0,15,0.853318
TZA,TZA,61,22,83,466775103,3352647,470127750,0,0.009642,0,15,0.640913
COG,COG,45,19,64,39264653,3297546,42562199,0,0.007567,0,15,0.670918
SWZ,SWZ,17,23,40,30086969,2773627,32860596,0,0.002137,0,15,0.69916
ETH,ETH,56,9,65,338722337,2706603,341428940,0,0.004753,0,15,0.824248
BOL,BOL,51,9,60,252544694,2630463,255175157,1,0.004065,0,15,0.851373
UGA,UGA,48,15,63,176269400,2565102,178834502,0,0.008805,0,15,0.704377
MOZ,MOZ,54,14,68,245110769,2235141,247345910,0,0.008332,0,15,0.620301
NIC,NIC,43,15,58,44539788,2193437,46733225,0,0.003692,0,15,0.866184
TCD,TCD,20,4,24,12266981,1973635,14240616,0,0.002766,0,15,0.792208
MUS,MUS,47,24,71,99983128,1912561,101895689,0,0.005276,0,15,0.707071
ZMB,ZMB,56,9,65,149160210,1874666,151034876,0,0.008751,0,15,0.661524
MLT,MLT,47,33,80,61967432,1584107,63551539,0,0.003725,0,15,0.781169
ALB,ALB,35,14,49,71645827,1457967,73103794,0,0.002818,0,15,0.90061
MLI,MLI,43,18,61,30604634,1455466,32060100,0,0.004512,0,15,0.793237
BGD,BGD,45,19,64,1015130123,1447471,1016577594,0,0.003229,0,15,0.927721
GHA,GHA,70,21,91,560285872,1309734,561595606,0,0.009348,0,15,0.661802
JAM,JAM,36,18,54,39680131,1121108,40801239,1,0.003308,0,15,0.775
ZWE,ZWE,39,9,48,120612259,1120343,121732602,0,0.004712,0,15,0.817073
LAO,LAO,17,4,21,45328327,916334,46244661,0,0.00168,0,15,0.941176
BWA,BWA,23,9,32,28701700,902812,29604512,0,0.002138,0,15,0.788177
SYR,SYR,35,9,44,121350769,868563,122219332,0,0.002658,0,15,0.832927
BRN,BRN,27,12,39,6606188,821090,7427278,3,0.003704,0,15,0.849206
WSM,WSM,9,6,15,379451,791179,1170630,3,0.00131,0,15,0.807692
CUW,CUW,18,12,30,1246118,762877,2008995,1,0.001889,0,15,0.70197
AND,AND,9,8,17,224524,649350,873874,2,0.0012,0,15,0.758333
CMR,CMR,54,16,70,146156972,636891,146793863,0,0.005248,0,15,0.713326
BFA,BFA,40,9,49,15660543,607771,16268314,0,0.005169,0,15,0.727021
SUR,SUR,27,4,31,13231274,580448,13811722,1,0.003011,0,15,0.767241
FJI,FJI,25,14,39,28989192,533729,29522921,0,0.002206,0,15,0.687166
TJK,TJK,22,5,27,170131484,480563,170612047,0,0.002266,0,15,0.823333
CAF,CAF,17,5,22,279604,443429,723033,0,0.001932,0,15,0.819048
HTI,HTI,25,6,31,26420614,405770,26826384,0,0.002395,0,15,0.916667
BTN,BTN,6,2,8,3143250,403765,3547015,0,0.001034,0,15,1
DZA,DZA,65,17,82,1782815523,389656,1783205179,0,0.005022,0,15,0.784261
ASM,ASM,1,2,3,124,325620,325744,0,0.000782,0,15,0.166667
MWI,MWI,41,4,45,94661423,321346,94982769,0,0.005538,0,15,0.803049
ISL,ISL,41,48,89,23833489,318467,24151956,2,0.003209,0,15,0.78224
MNG,MNG,29,4,33,48832236,315316,49147552,0,0.002421,0,15,0.96875
MDG,MDG,44,11,55,111049156,274684,111323840,0,0.005843,0,15,0.806763
TGO,TGO,41,8,49,189823266,269951,190093217,0,0.004354,0,15,0.751515
BRB,BRB,25,15,40,6400259,212144,6612403,1,0.002835,0,15,0.677083
MNE,MNE,38,7,45,32807019,182815,32989834,0,0.003186,0,15,0.907557
SMR,SMR,11,13,24,896490,160494,1056984,2,0.001298,0,15,0.904762
NPL,NPL,36,6,42,302612817,156023,302768840,0,0.003014,0,15,0.857041
LBY,LBY,30,5,35,71021909,150553,71172462,0,0.002488,0,15,0.929032
IRQ,IRQ,40,5,45,327739812,149373,327889185,0,0.003031,0,15,0.900116
GNB,GNB,12,1,13,3206637,148500,3355137,0,0.001462,0,15,0.910256
LBR,LBR,24,2,26,20526417,141591,20668008,0,0.002477,0,15,0.901667
GAB,GAB,38,12,50,9828820,136152,9964972,3,0.003782,0,15,0.790941
BLM,BLM,2,2,4,4372,124410,128782,2,0.000825,0,15,1
SDN,SDN,56,5,61,341129621,124407,341254028,0,0.007696,0,15,0.675649
MRT,MRT,37,2,39,27684547,118060,27802607,0,0.004113,0,15,0.84009
UMI,UMI,4,5,9,87430,115910,203340,0,0.000932,0,15,0.785714
DJI,DJI,27,3,30,141593009,106947,141699956,0,0.002381,0,15,0.926437
GUY,GUY,31,6,37,12944912,99287,13044199,1,0.003452,0,15,0.765152
ATA,ATA,7,2,9,46503,96005,142508,0,0.001164,0,15,0.910714
MHL,MHL,6,4,10,121993,90205,212198,1,0.001082,0,15,0.930556
KIR,KIR,4,1,5,15998,88000,103998,0,0.001042,0,15,0.95
GIN,GIN,31,3,34,51480381,87080,51567461,0,0.002873,0,15,0.881048
DMA,DMA,10,6,16,2118420,86288,2204708,0,0.001602,0,15,0.614286
NER,NER,27,15,42,4189201,69157,4258358,2,0.005075,0,15,0.664414
TKL,TKL,3,3,6,588034,69101,657135,0,0.001017,0,15,0.633333
GIB,GIB,12,3,15,134844,65072,199916,2,0.001363,0,15,0.906593
COD,COD,42,3,45,54555640,60010,54615650,0,0.005576,0,15,0.728128
SLE,SLE,29,10,39,29308743,57966,29366709,0,0.002455,0,15,0.905882
VCT,VCT,13,3,16,627593,56571,684164,1,0.002177,0,15,0.55
BLZ,BLZ,18,9,27,2982067,53452,3035519,1,0.00208,0,15,0.838768
SYC,SYC,27,3,30,5320217,51426,5371643,0,0.002511,0,15,0.853175
PNG,PNG,22,4,26,11909287,50115,11959402,0,0.002249,0,15,0.880435
TCA,TCA,7,5,12,228425,47543,275968,1,0.001767,0,15,0.439394
ABW,ABW,17,4,21,1530563,38901,1569464,1,0.002225,0,15,0.739474
TUV,TUV,0,1,1,0,38800,38800,2,0.000713,0,16,0
CUB,CUB,36,4,40,54390628,38440,54429068,2,0.003201,0,15,0.897898
AFG,AFG,21,3,24,101571228,34407,101605635,0,0.002129,0,15,0.874459
SGS,SGS,1,1,2,663000,34260,697260,0,0.000762,0,15,1
FSM,FSM,4,1,5,50565,28000,78565,0,0.000911,0,15,1
ATG,ATG,18,2,20,383683,24950,408633,1,0.003453,0,15,0.75
STP,STP,11,1,12,680888,24750,705638,0,0.001911,0,15,0.75
BDI,BDI,27,1,28,4295060,22500,4317560,0,0.007285,0,15,0.820513
ERI,ERI,7,1,8,17263607,21836,17285443,0,0.001111,0,15,0.892857
BEN,BEN,33,4,37,19570043,21832,19591875,0,0.004076,0,15,0.816399
SSD,SSD,3,1,4,87319,17590,104909,0,0.001831,0,15,0.583333
VGB,VGB,10,3,13,862636,16895,879531,1,0.001376,0,15,0.865385
MDV,MDV,28,2,30,16205369,16001,16221370,0,0.002501,0,15,0.944444
SHN,SHN,3,3,6,13640,14505,28145,0,0.000907,0,15,0.833333
CYM,CYM,6,2,8,359359,9634,368993,1,0.001187,0,15,0.8
TON,TON,4,1,5,258893,8000,266893,0,0.000955,0,15,1
BMU,BMU,10,2,12,547974,5924,553898,1,0.001336,0,15,0.909091
PYF,PYF,18,3,21,3136670,5667,3142337,0,0.001787,0,15,0.959064
LCA,LCA,17,4,21,1592930,5421,1598351,0,0.002147,0,15,0.771242
GNQ,GNQ,20,1,21,20867115,3280,20870395,0,0.002913,0,15,0.828571
LSO,LSO,8,1,9,2243906,2085,2245991,0,0.001241,0,15,0.946429
CXR,CXR,5,1,6,3933,1800,5733,0,0.001169,0,15,0.633333
RWA,RWA,35,2,37,27765072,1040,27766112,0,0.010029,0,15,0.703361
NFK,NFK,3,1,4,44087,580,44667,2,0.00088,0,15,1
AIA,AIA,2,2,4,163902,399,164301,3,0.000857,0,15,1
GRL,GRL,12,2,14,117595,372,117967,2,0.001407,0,15,0.948718
CCK,CCK,0,1,1,0,260,260,2,0.000713,0,17,0
SXM,SXM,5,2,7,128957,244,129201,1,0.001058,0,15,0.619048
SLB,SLB,12,1,13,965837,227,966064,0,0.001885,0,15,0.840909
YEM,YEM,32,1,33,122726717,150,122726867,0,0.002534,0,15,0.941532
GRD,GRD,9,1,10,160286,125,160411,1,0.001515,0,15,0.711111
COM,COM,12,1,13,12263005,118,12263123,0,0.002397,0,15,0.80303
KNA,KNA,12,1,13,313254,57,313311,1,0.00289,0,15,0.590909
IOT,IOT,2,1,3,10122,57,10179,1,0.000832,0,15,1
GMB,GMB,21,2,23,8392247,49,8392296,0,0.002453,0,15,0.87747
SOM,SOM,16,4,20,29688774,39,29688813,0,0.002156,0,15,0.883041
GUM,GUM,7,1,8,17861,19,17880,0,0.001024,0,2,0.785714
FLK,FLK,3,1,4,8012,10,8022,2,0.000889,0,15,1
NCL,NCL,19,2,21,4486592,9,4486601,0,0.001752,0,15,0.997076
FRO,FRO,7,1,8,309401,6,309407,2,0.00102,0,15,1
CPV,CPV,24,1,25,3429506,1,3429507,2,0.002467,0,15,0.889493
TLS,TLS,14,0,14,530699,0,530699,0,0.001486,0,3,1
VUT,VUT,6,0,6,139701,0,139701,0,0.001073,0,8,1
SPM,SPM,5,0,5,60589,0,60589,0,0.001035,0,0,1
MSR,MSR,2,0,2,32368,0,32368,2,0.000851,0,13,1
PLW,PLW,15,0,15,30568,0,30568,1,0.002565,0,1,0.733333
HMD,HMD,1,0,1,22397,0,22397,0,0.000843,0,11,0
BES,BES,4,0,4,6252,0,6252,2,0.000934,0,9,1
VAT,VAT,1,0,1,4800,0,4800,2,0.000768,0,12,0
NIU,NIU,2,0,2,4645,0,4645,1,0.000857,0,14,1
NRU,NRU,1,0,1,4110,0,4110,0,0.00076,0,7,0
COK,COK,3,0,3,2763,0,2763,0,0.000894,0,5,1
MNP,MNP,3,0,3,654,0,654,0,0.000864,0,6,1
ATF,ATF,1,0,1,270,0,270,2,0.000767,0,10,0
WLF,WLF,3,0,3,168,0,168,0,0.000979,0,4,0.666667
