USA,USA,119,153,272,2083015674,1621113123,3704128797,3,0.051876,0.144261
CHN,CHN,37,64,101,102730272,1265973436,1368703708,0,0.006468,0.49752
DEU,DEU,108,172,280,1472134879,1090644866,2562779745,0,0.034764,0.130253
KOR,KOR,61,138,199,55550530,761829535,817380065,1,0.021011,0.17852
CAN,CAN,86,124,210,672942561,328801879,1001744440,3,0.022955,0.199052
THA,THA,51,149,200,60649381,326333028,386982409,2,0.013318,0.164611
BEL,BEL,30,38,68,140363146,300320238,440683384,0,0.005611,0.699147
JPN,JPN,81,151,232,523952125,286734356,810686481,1,0.020792,0.158626
ITA,ITA,34,38,72,88775016,265929707,354704723,0,0.007288,0.675439
NLD,NLD,29,39,68,272164198,245052459,517216657,0,0.005622,0.676113
FRA,FRA,34,39,73,279275077,235881624,515156701,0,0.007166,0.676113
MYS,MYS,52,97,149,102037263,233503142,335540405,2,0.010232,0.276354
MEX,MEX,75,73,148,649305090,227880265,877185355,3,0.02151,0.310917
DNK,DNK,79,134,213,153378256,203422742,356800998,0,0.018368,0.184287
IDN,IDN,45,97,142,33221862,197122578,230344440,2,0.00824,0.298804
SGP,SGP,63,105,168,223028213,191053518,414081731,2,0.014393,0.279396
CHE,CHE,91,138,229,267219084,141200581,408419665,0,0.027527,0.175845
ESP,ESP,94,129,223,180499176,117895609,298394785,0,0.025941,0.188922
GBR,GBR,36,39,75,288486564,114095493,402582057,2,0.007606,0.653846
PRT,PRT,64,95,159,66821123,103977193,170798316,0,0.016751,0.274801
AUT,AUT,28,35,63,91411473,80316257,171727730,0,0.005049,0.713964
TUR,TUR,51,81,132,22305075,76818749,99123824,1,0.008697,0.347194
IND,IND,36,126,162,5653156,58992654,64645810,2,0.006076,0.210032
SWE,SWE,28,37,65,73581573,44116748,117698321,0,0.005295,0.711712
PHL,PHL,22,28,50,18843075,39482509,58325584,3,0.003969,0.868227
BRA,BRA,42,99,141,17220324,37085228,54305552,3,0.007665,0.279427
FIN,FIN,72,91,163,64656574,37014111,101670685,0,0.016254,0.269452
AUS,AUS,74,97,171,178928140,34808558,213736698,2,0.019133,0.248301
LKA,LKA,42,51,93,11185182,31929487,43114669,3,0.007618,0.487308
TUN,TUN,49,42,91,12588567,26124031,38712598,0,0.011122,0.480226
PRK,PRK,11,21,32,1823664,26094537,27918201,3,0.002301,0.790043
COL,COL,40,52,92,9860627,24601208,34461835,3,0.00797,0.411951
SAU,SAU,59,59,118,267526727,24468653,291995380,1,0.0129,0.384449
BGD,BGD,26,33,59,17948232,24282768,42231000,3,0.007078,0.731098
NZL,NZL,57,64,121,44558469,22334941,66893410,2,0.014076,0.382342
CSK,CSK,22,31,53,6678592,22162362,28840954,0,0.004157,0.784274
PAK,PAK,20,28,48,4305578,21390012,25695590,3,0.00373,0.845977
POL,POL,26,26,52,30658071,20432330,51090401,0,0.004841,0.792339
DOM,DOM,14,8,22,13296938,19727534,33024472,3,0.003114,0.919118
HUN,HUN,22,29,51,6906210,16133920,23040130,0,0.004177,0.845977
ISR,ISR,21,27,48,11701806,15914872,27616678,3,0.004024,0.781746
ARE,ARE,51,32,83,46286538,15832861,62119399,1,0.009778,0.570478
ROU,ROU,45,41,86,8600132,13945747,22545879,0,0.009575,0.49812
NOR,NOR,28,29,57,39895398,13107496,53002894,0,0.005131,0.761345
GRC,GRC,28,24,52,14429721,12843334,27273055,0,0.005186,0.871264
IRL,IRL,26,34,60,17305410,10006282,27311692,0,0.004818,0.762185
CRI,CRI,17,12,29,6831546,9923938,16755484,3,0.003708,0.885965
MAR,MAR,19,21,40,6619982,8855668,15475650,0,0.003625,0.893333
CYP,CYP,59,54,113,10669404,7098946,17768350,2,0.01226,0.430556
HTI,HTI,9,11,20,2807293,5745343,8552636,3,0.002437,0.966667
ARG,ARG,23,26,49,21821815,4680113,26501928,3,0.004414,0.837302
VNM,VNM,18,12,30,1229322,4585440,5814762,0,0.003741,0.904762
GTM,GTM,18,15,33,9960024,4531202,14491226,3,0.003738,0.934211
CHL,CHL,55,41,96,36546610,4413522,40960132,1,0.014216,0.400045
JAM,JAM,38,32,70,7521603,4006572,11528175,3,0.008241,0.384347
VEN,VEN,23,19,42,11337285,3609291,14946576,3,0.004679,0.747537
HND,HND,13,8,21,2759093,3551367,6310460,3,0.002936,0.93956
OMN,OMN,45,12,57,12627166,3443467,16070633,1,0.007728,0.672525
EGY,EGY,20,21,41,4191144,3076670,7267814,1,0.003728,0.863248
BGR,BGR,18,21,39,1633759,3048666,4682425,0,0.003621,0.889328
TTO,TTO,48,27,75,4747386,2254026,7001412,3,0.014193,0.384699
SLV,SLV,12,10,22,4188913,2183234,6372147,3,0.003004,0.933333
PAN,PAN,23,15,38,10294041,2134610,12428651,2,0.004578,0.812308
MLT,MLT,18,17,35,942714,2033728,2976442,0,0.003791,0.959064
MUS,MUS,17,15,32,1064463,1845702,2910165,2,0.003868,0.906926
LBN,LBN,22,17,39,4151459,1685935,5837394,1,0.003951,0.853276
SUN,SUN,24,26,50,39424400,1677562,41101962,1,0.004898,0.827586
SYR,SYR,15,13,28,1385150,1654484,3039634,1,0.003039,0.952632
URY,URY,20,16,36,2556384,1555995,4112379,3,0.004513,0.880952
FJI,FJI,14,7,21,1272389,1249970,2522359,2,0.003036,0.972527
ISL,ISL,55,32,87,9248965,1248024,10496989,0,0.010059,0.537158
BHR,BHR,24,13,37,5266800,1105334,6372134,1,0.004943,0.918478
PER,PER,20,16,36,4650189,1091423,5741612,1,0.00401,0.885375
NPL,NPL,10,12,22,532799,1031489,1564288,3,0.002336,0.995238
IRN,IRN,20,15,35,10592397,956358,11548755,1,0.004039,0.878623
BLZ,BLZ,8,3,11,1783754,865019,2648773,3,0.002719,0.9
QAT,QAT,21,8,29,3431454,727215,4158669,1,0.004339,0.91342
ECU,ECU,37,23,60,10518382,533141,11051523,3,0.006419,0.673718
TZA,TZA,18,5,23,1905718,524260,2429978,2,0.003959,0.894737
MWI,MWI,28,10,38,747566,434388,1181954,3,0.007577,0.662366
CYM,CYM,8,1,9,1448027,311625,1759652,3,0.002345,1
KHM,KHM,7,6,13,38992,310331,349323,0,0.001761,1
BRB,BRB,15,7,22,1710981,298580,2009561,3,0.003605,0.856618
MDG,MDG,29,9,38,964237,285328,1249565,2,0.007025,0.668966
ALB,ALB,9,6,15,468998,271521,740519,1,0.002256,0.924242
JOR,JOR,21,16,37,3920231,210332,4130563,1,0.003937,0.902174
LCA,LCA,9,6,15,840138,198821,1038959,3,0.002654,0.922222
BRN,BRN,13,8,21,3579790,186897,3766687,2,0.002848,0.885714
LAO,LAO,8,7,15,588584,185823,774407,2,0.001928,0.99359
VGB,VGB,7,2,9,118481,176498,294979,3,0.002169,0.857143
MMR,MMR,11,5,16,1868626,139274,2007900,2,0.002474,0.987179
CUB,CUB,14,3,17,6067920,127775,6195695,3,0.003039,0.928571
GRD,GRD,10,2,12,319964,117711,437675,3,0.002655,0.9
ZWE,ZWE,14,7,21,309678,111613,421291,3,0.003516,0.909524
KEN,KEN,19,13,32,1339861,86835,1426696,2,0.00419,0.876623
ANT,ANT,20,9,29,2674880,81009,2755889,2,0.004233,0.820346
PNG,PNG,15,3,18,3203857,73349,3277206,2,0.003103,0.985714
CIV,CIV,13,3,16,738156,68545,806701,2,0.002567,1
GUY,GUY,31,4,35,1601741,66985,1668726,2,0.012538,0.493548
MDV,MDV,11,6,17,527179,61893,589072,2,0.002264,0.912088
PRY,PRY,32,12,44,11029080,57289,11086369,1,0.006153,0.673387
SOM,SOM,7,1,8,56253,49608,105861,1,0.001947,0.97619
KNA,KNA,5,3,8,206068,46326,252394,3,0.002226,1
TKL,TKL,0,3,3,0,43313,43313,3,0.000943,1
VCT,VCT,5,2,7,138708,41966,180674,3,0.001895,0.833333
AGO,AGO,14,1,15,2411363,36160,2447523,3,0.002932,1
KWT,KWT,23,5,28,21390301,32703,21423004,1,0.004644,0.911067
BOL,BOL,14,8,22,2857081,31724,2888805,3,0.003302,0.908333
AND,AND,10,4,14,2517116,25619,2542735,1,0.002372,1
ATG,ATG,10,2,12,424810,22172,446982,3,0.003053,0.866667
TON,TON,7,2,9,87644,20272,107916,2,0.002079,1
DMA,DMA,10,7,17,677302,19904,697206,3,0.002888,0.891026
TCA,TCA,4,2,6,51965,19625,71590,3,0.001872,0.733333
SEN,SEN,15,2,17,865712,19044,884756,2,0.00314,0.957143
FRO,FRO,7,2,9,615587,16722,632309,0,0.002101,0.904762
MLI,MLI,9,2,11,251984,15845,267829,2,0.002159,1
AFG,AFG,10,13,23,800778,13372,814150,2,0.002304,0.979167
NCL,NCL,14,3,17,424873,11033,435906,2,0.002849,0.995238
GNB,GNB,7,2,9,423608,10322,433930,2,0.001856,1
TUV,TUV,3,1,4,1023,9542,10565,2,0.001414,1
NIC,NIC,13,4,17,1838128,8969,1847097,3,0.003091,0.873626
COK,COK,10,2,12,117380,7654,125034,2,0.002412,0.981818
GIB,GIB,12,5,17,274314,6991,281305,2,0.002778,0.950549
BHS,BHS,14,5,19,1851734,6430,1858164,2,0.003337,0.8125
GUF,GUF,8,2,10,180000,5886,185886,3,0.002185,0.966667
LBY,LBY,18,4,22,4749094,5428,4754522,1,0.003365,0.918421
MSR,MSR,5,1,6,11300,5128,16428,3,0.002142,0.85
CMR,CMR,15,2,17,706115,4699,710814,2,0.002874,1
NER,NER,10,5,15,108291,4539,112830,1,0.002384,1
ZMB,ZMB,11,3,14,349397,3951,353348,2,0.002964,0.935897
CAF,CAF,10,1,11,50035,3687,53722,2,0.002138,1
COG,COG,12,1,13,652253,3472,655725,2,0.002566,0.916667
MOZ,MOZ,15,6,21,834169,3401,837570,2,0.003463,0.926471
LBR,LBR,12,4,16,140295,3347,143642,2,0.002521,0.919048
TGO,TGO,12,4,16,1737679,3318,1740997,2,0.002452,0.961538
SUR,SUR,12,1,13,855148,3125,858273,3,0.002794,0.939394
BFA,BFA,11,4,15,54520,2870,57390,1,0.00269,0.981818
MRT,MRT,11,5,16,1355741,2645,1358386,2,0.002396,1
DZA,DZA,15,3,18,1148037,1356,1149393,0,0.003158,0.97619
ETH,ETH,17,1,18,627011,1015,628026,1,0.003344,0.960784
GHA,GHA,19,2,21,2302362,1007,2303369,2,0.003519,0.94152
SYC,SYC,10,1,11,157147,984,158131,2,0.002309,1
COD,COD,11,2,13,807977,878,808855,2,0.002479,0.984848
SDN,SDN,15,3,18,1492060,859,1492919,1,0.003118,0.933333
GRL,GRL,7,1,8,1173211,816,1174027,0,0.001965,0.97619
COM,COM,4,2,6,42683,604,43287,2,0.002011,0.85
SPM,SPM,6,1,7,172793,593,173386,3,0.001777,1
CCK,CCK,5,1,6,20478,519,20997,2,0.001569,1
MNG,MNG,5,3,8,113788,462,114250,0,0.001478,0.928571
GLP,GLP,10,1,11,108335,445,108780,3,0.002789,0.872727
WSM,WSM,7,1,8,286397,384,286781,1,0.002079,1
NFK,NFK,2,1,3,24395,324,24719,2,0.001297,1
IRQ,IRQ,4,1,5,132352,296,132648,2,0.001585,0.916667
GMB,GMB,10,1,11,218521,289,218810,2,0.002432,1
BMU,BMU,15,3,18,1256173,285,1256458,3,0.003211,0.954167
TCD,TCD,6,1,7,16054,269,16323,0,0.001936,0.904762
NGA,NGA,22,2,24,5874347,222,5874569,2,0.004266,0.889328
UGA,UGA,17,2,19,286989,210,287199,2,0.003911,0.930147
IOT,IOT,1,1,2,109,187,296,3,0.001093,1
SLE,SLE,13,1,14,119907,179,120086,2,0.002745,0.967949
YEM,YEM,17,1,18,4626611,171,4626782,1,0.003327,0.952206
PYF,PYF,14,3,17,634203,137,634340,1,0.003186,0.928571
RWA,RWA,4,1,5,34081,132,34213,1,0.001596,1
REU,REU,14,2,16,451472,126,451598,2,0.003366,0.934066
MTQ,MTQ,11,1,12,327011,97,327108,3,0.002769,0.9
STP,STP,5,1,6,74610,97,74707,0,0.001614,1
VUT,VUT,6,2,8,68094,87,68181,2,0.001752,0.952381
BEN,BEN,9,1,10,695731,33,695764,1,0.002263,1
KIR,KIR,5,1,6,49880,21,49901,2,0.001832,1
CPV,CPV,8,1,9,446180,7,446187,0,0.00198,1
DJI,DJI,13,0,13,1924044,0,1924044,2,0.002876,0.987179
ABW,ABW,6,0,6,591518,0,591518,3,0.002267,0.933333
GAB,GAB,17,0,17,490320,0,490320,2,0.003285,0.970588
GIN,GIN,14,0,14,362261,0,362261,0,0.003037,0.978022
SLB,SLB,12,0,12,315530,0,315530,2,0.002636,0.962121
BDI,BDI,8,0,8,58194,0,58194,2,0.002076,1
AIA,AIA,5,0,5,56625,0,56625,3,0.00212,0.9
FLK,FLK,4,0,4,46572,0,46572,1,0.001608,1
CXR,CXR,2,0,2,32169,0,32169,2,0.0012,1
GNQ,GNQ,2,0,2,26297,0,26297,0,0.001364,1
NIU,NIU,2,0,2,10111,0,10111,2,0.001297,1
NRU,NRU,4,0,4,8464,0,8464,2,0.001545,1
BTN,BTN,4,0,4,1145,0,1145,1,0.001459,1
ATF,ATF,1,0,1,460,0,460,2,0.001019,1
TLS,TLS,1,0,1,437,0,437,2,0.001015,1
SHN,SHN,1,0,1,139,0,139,2,0.001032,1
WLF,WLF,1,0,1,34,0,34,2,0.00111,1
