A,W,Q,E,R,T,Y,U,I,O,
CHN,CHN,132,208,340,1477143550,24922771923,26399915473,1,0.009512,0.32964
USA,USA,179,204,383,14726767855,4891508312,19618276167,1,0.015138,0.330973
DEU,DEU,174,216,390,4810326201,3881404423,8691730624,0,0.014477,0.30178
ITA,ITA,145,196,341,1554785874,2699874321,4254660195,0,0.010687,0.351005
BEL,BEL,124,187,311,1690704103,2137415400,3828119503,0,0.009124,0.384515
FRA,FRA,165,197,362,3473007031,1931609758,5404616789,0,0.013286,0.327364
CAN,CAN,175,184,359,2202359821,1859637538,4061997359,1,0.014558,0.367714
NLD,NLD,135,193,328,2010799481,1531027207,3541826688,0,0.009456,0.36044
KOR,KOR,123,194,317,661358040,1523070110,2184428150,1,0.008174,0.355175
MYS,MYS,99,170,269,656069723,1516392084,2172461807,2,0.006201,0.420849
GBR,GBR,160,201,361,4781521926,1260484818,6042006744,0,0.012425,0.342462
MEX,MEX,115,131,246,2637874058,1186667846,3824541904,1,0.007376,0.511667
ESP,ESP,152,190,342,1660504698,1171416485,2831921183,0,0.011566,0.364751
THA,THA,118,201,319,315960550,1077395128,1393355678,2,0.008311,0.344343
TUR,TUR,108,174,282,290327686,1050092196,1340419882,0,0.006818,0.419363
IDN,IDN,91,200,291,296654489,822677373,1119331862,1,0.006127,0.346131
POL,POL,79,116,195,717519434,797009939,1514529373,0,0.004292,0.604958
JPN,JPN,136,185,321,4146183864,749515455,4895699319,2,0.009399,0.367828
CZE,CZE,124,148,272,571632105,585261901,1156894006,0,0.008246,0.458002
IND,IND,105,201,306,220940932,561441771,782382703,0,0.007259,0.347736
AUT,AUT,165,179,344,707109760,498451044,1205560804,0,0.014498,0.354113
DNK,DNK,119,183,302,578280853,468483496,1046764349,0,0.007951,0.386493
CHE,CHE,141,190,331,655042496,467159010,1122201506,0,0.010579,0.359926
ISR,ISR,84,129,213,204710018,425243522,629953540,0,0.005307,0.515795
SWE,SWE,120,170,290,629323285,412326379,1041649664,0,0.007977,0.420069
VNM,VNM,70,166,236,153889826,411259167,565148993,0,0.004367,0.426701
SGP,SGP,98,167,265,542832543,347022844,889855387,2,0.00575,0.433383
HUN,HUN,99,127,226,454078129,300382244,754460373,0,0.005718,0.511573
PHL,PHL,95,151,246,371230873,295862633,667093506,2,0.006385,0.441234
BGD,BGD,70,119,189,105650221,285926842,391577063,0,0.004112,0.569714
PRT,PRT,109,158,267,357431589,279220124,636651713,0,0.007228,0.441512
ARE,ARE,102,155,257,542079825,259859202,801939027,4,0.007016,0.464807
PAK,PAK,75,152,227,70883953,255342156,326226109,1,0.004404,0.467494
ROU,ROU,89,111,200,349047488,252020511,601067999,0,0.005144,0.604452
BRA,BRA,95,168,263,248603613,229632251,478235864,1,0.00553,0.42552
GRC,GRC,106,137,243,441837103,221352674,663189777,0,0.006774,0.513559
LUX,LUX,67,120,187,110105634,205625084,315730718,0,0.003844,0.587965
SAU,SAU,82,116,198,542494733,191780061,734274794,4,0.004886,0.539753
IRL,IRL,146,140,286,487629409,187051334,674680743,0,0.01084,0.439867
ZAF,ZAF,143,164,307,225334735,158947055,384281790,0,0.010486,0.409108
SVK,SVK,110,106,216,250540037,158895608,409435645,0,0.006498,0.580669
LTU,LTU,84,90,174,96570562,155687593,252258155,0,0.004816,0.640882
LKA,LKA,71,152,223,88114714,150811149,238925863,1,0.004049,0.472602
IRN,IRN,64,133,197,113617610,141765445,255383055,4,0.003938,0.540575
NOR,NOR,105,133,238,372011245,136252130,508263375,0,0.00649,0.525479
BLR,BLR,75,75,150,51723975,132371889,184095864,0,0.004257,0.689698
AUS,AUS,130,167,297,1147373055,126719144,1274092199,1,0.009016,0.399838
BGR,BGR,82,128,210,110924045,109070417,219994462,0,0.004575,0.529519
MAR,MAR,85,123,208,129943531,97911274,227854805,0,0.004795,0.546821
RUS,RUS,114,125,239,871082342,94397358,965479700,0,0.007221,0.505338
UKR,UKR,96,124,220,335203994,93716210,428920204,0,0.005956,0.523674
GTM,GTM,73,78,151,102971567,87946469,190918036,1,0.004734,0.659163
SVN,SVN,124,109,233,115687095,87792576,203479671,0,0.009142,0.469617
FIN,FIN,113,141,254,242128974,84872939,327001913,0,0.006629,0.493973
NZL,NZL,111,127,238,209241950,80135125,289377075,1,0.007021,0.468121
DOM,DOM,91,83,174,79810965,79874004,159684969,1,0.006947,0.553652
ARG,ARG,85,126,211,122553470,78077920,200631390,1,0.004847,0.569606
PER,PER,95,95,190,75810725,76631935,152442660,3,0.005523,0.573871
EGY,EGY,86,134,220,77111299,76517793,153629092,1,0.005386,0.522475
COL,COL,95,110,205,135816290,75719615,211535905,3,0.005969,0.545398
GHA,GHA,106,56,162,80257768,72670940,152928708,4,0.007184,0.561857
EST,EST,100,90,190,68724222,70220386,138944608,0,0.006118,0.572553
URY,URY,77,49,126,33516191,69277210,102793401,1,0.004294,0.74446
CRI,CRI,85,80,165,91880476,69262013,161142489,1,0.005396,0.649542
SLV,SLV,63,69,132,80238554,68472857,148711411,1,0.0039,0.75043
TUN,TUN,93,113,206,79834784,67811435,147646219,0,0.005837,0.545108
SYR,SYR,65,120,185,42742935,64663057,107405992,4,0.00363,0.578219
HND,HND,72,71,143,88270036,63080483,151350519,1,0.004598,0.712939
CIV,CIV,75,56,131,24659658,60635047,85294705,4,0.004663,0.640873
HRV,HRV,112,82,194,126971088,47584955,174556043,0,0.007324,0.578323
KHM,KHM,43,86,129,70226444,45947775,116174219,1,0.002849,0.744893
KEN,KEN,87,87,174,43379595,44342415,87722010,4,0.0062,0.555992
SUR,SUR,53,30,83,12088753,38091213,50179966,1,0.003459,0.740865
LVA,LVA,80,76,156,65247884,37798605,103046489,0,0.00447,0.677426
VEN,VEN,85,80,165,79445885,32443303,111889188,3,0.005226,0.675791
CHL,CHL,92,89,181,221076620,32271686,253348306,1,0.005263,0.66743
JOR,JOR,72,82,154,74932440,31442428,106374868,4,0.00394,0.721398
MMR,MMR,27,74,101,16867402,30860307,47727709,0,0.001826,0.856036
ECU,ECU,81,73,154,118904681,29008655,147913336,3,0.004821,0.702688
NPL,NPL,43,55,98,15854556,27623325,43477881,0,0.002431,0.848259
PAN,PAN,85,75,160,126460226,22548096,149008322,1,0.004959,0.640881
TTO,TTO,89,59,148,193537570,19042048,212579618,3,0.006088,0.59398
ZWE,ZWE,57,47,104,16203740,17794214,33997954,0,0.003844,0.695776
MKD,MKD,70,62,132,33791043,17512904,51303947,0,0.004,0.790965
PRY,PRY,49,52,101,43679525,17054843,60734368,1,0.002954,0.737425
MLT,MLT,79,95,174,26365795,17046319,43412114,0,0.004266,0.656196
LBN,LBN,123,123,246,62943676,17031241,79974917,4,0.008267,0.458437
SEN,SEN,77,65,142,29766743,14529373,44296116,1,0.005039,0.572776
NGA,NGA,105,58,163,173196062,13632804,186828866,1,0.00808,0.532884
BIH,BIH,83,68,151,51019404,13279533,64298937,0,0.004871,0.686856
MDA,MDA,64,57,121,16377652,12935978,29313630,0,0.003589,0.86018
KGZ,KGZ,45,39,84,20998550,12912360,33910910,0,0.002793,0.865288
TGO,TGO,56,40,96,35616798,12898548,48515346,1,0.004123,0.670423
KWT,KWT,86,88,174,106563176,11713322,118276498,4,0.004637,0.667973
SCG,SCG,60,69,129,43249960,11636395,54886355,0,0.0034,0.772685
SWZ,SWZ,27,33,60,26765216,10820863,37586079,0,0.001995,0.785714
BHR,BHR,70,67,137,34629658,10636176,45265834,4,0.003792,0.753657
ATG,ATG,49,26,75,1530197,10355553,11885750,3,0.00406,0.692308
AZE,AZE,63,32,95,53878541,10304305,64182846,0,0.003864,0.790297
QAT,QAT,72,51,123,32737020,9911784,42648804,4,0.004048,0.771966
NIC,NIC,80,44,124,46494779,9062342,55557121,1,0.004609,0.779132
CYP,CYP,109,97,206,50434392,7859928,58294320,0,0.007465,0.565044
TZA,TZA,85,60,145,55939848,7316734,63256582,0,0.006048,0.579193
LSO,LSO,20,15,35,8222370,7079024,15301394,1,0.00155,0.944444
OMN,OMN,66,59,125,43566278,7047727,50614005,4,0.004546,0.728475
FJI,FJI,50,50,100,17486115,7024561,24510676,1,0.004137,0.606892
NAM,NAM,57,54,111,14725401,6658463,21383864,1,0.004089,0.69031
MUS,MUS,75,95,170,26830947,6384679,33215626,0,0.004622,0.637245
ISL,ISL,92,78,170,22642640,5555043,28197683,0,0.005358,0.69826
ALB,ALB,54,54,108,44277029,5279016,49556045,0,0.003205,0.794414
BWA,BWA,43,28,71,23393493,4793643,28187136,0,0.002913,0.767677
JAM,JAM,78,72,150,42957146,4703884,47661030,3,0.005082,0.622673
HTI,HTI,38,32,70,10679023,4579482,15258505,1,0.002691,0.857039
MDG,MDG,73,50,123,30978243,4339058,35317301,1,0.005303,0.698145
PRK,PRK,25,87,112,10570200,4111674,14681874,2,0.001811,0.667189
LAO,LAO,24,60,84,2710835,3977326,6688161,0,0.001677,0.843269
KAZ,KAZ,80,39,119,193591056,3739563,197330619,0,0.005082,0.726676
BRN,BRN,45,35,80,25308980,3263009,28571989,1,0.002576,0.924179
CMR,CMR,73,60,133,32419336,3087635,35506971,1,0.004968,0.688286
MNG,MNG,48,36,84,13285545,2751702,16037247,1,0.002789,0.898597
MWI,MWI,58,27,85,13482783,2561898,16044681,0,0.004133,0.729808
BOL,BOL,69,52,121,31051360,2342142,33393502,3,0.004195,0.755538
ZMB,ZMB,63,32,95,15234235,2140371,17374606,1,0.004197,0.739983
UZB,UZB,44,29,73,27765893,1828032,29593925,0,0.002755,0.897678
ARM,ARM,59,33,92,10379138,1797662,12176800,4,0.00376,0.807692
UGA,UGA,73,30,103,24057878,1640531,25698409,0,0.005267,0.689979
CPV,CPV,27,14,41,4876990,1548885,6425875,1,0.001942,0.892473
MLI,MLI,62,39,101,30162740,1443407,31606147,4,0.004409,0.749804
GEO,GEO,63,41,104,20132547,1407528,21540075,4,0.003951,0.782897
DZA,DZA,78,33,111,135413004,1357825,136770829,4,0.004721,0.758893
BRB,BRB,90,53,143,14167449,1336172,15503621,3,0.006345,0.59652
MOZ,MOZ,58,37,95,29403729,1253416,30657145,0,0.004139,0.683291
AND,AND,75,49,124,7497073,1188335,8685408,0,0.004369,0.684432
BFA,BFA,53,20,73,28141584,1163602,29305186,1,0.003497,0.835354
GUY,GUY,56,30,86,31645797,1091525,32737322,3,0.004298,0.694692
BLZ,BLZ,67,30,97,13881743,934081,14815824,1,0.004742,0.699123
YEM,YEM,50,24,74,38147566,864917,39012483,1,0.002849,0.819209
WSM,WSM,26,10,36,2684051,858457,3542508,1,0.002155,0.768473
ANT,ANT,49,41,90,5345840,844400,6190240,3,0.003487,0.713221
GNQ,GNQ,28,3,31,1736153,736858,2473011,1,0.002156,0.917488
FSM,FSM,26,7,33,1394652,711220,2105872,1,0.002426,0.668966
LBR,LBR,42,13,55,5198448,628450,5826898,4,0.002618,0.835993
LBY,LBY,55,19,74,34026063,544083,34570146,4,0.003222,0.86764
SDN,SDN,64,19,83,54516231,538692,55054923,4,0.004132,0.815408
TJK,TJK,28,16,44,12909896,421117,13331013,4,0.001983,0.900901
GAB,GAB,66,45,111,9172602,418450,9591052,1,0.004673,0.717782
GIN,GIN,46,21,67,15318686,412685,15731371,4,0.003003,0.814116
VCT,VCT,59,16,75,1804782,402161,2206943,3,0.004195,0.731647
NER,NER,57,34,91,6415786,387194,6802980,4,0.004081,0.738367
ETH,ETH,87,39,126,39889378,363973,40253351,4,0.005865,0.667189
CAF,CAF,27,15,42,1829639,329725,2159364,1,0.001968,0.909159
BEN,BEN,56,24,80,74417760,300232,74717992,4,0.003824,0.77445
SMR,SMR,16,15,31,474130,299069,773199,4,0.001388,0.976285
GIB,GIB,28,14,42,889461,234188,1123649,0,0.002015,0.890476
GRD,GRD,63,20,83,4528255,230627,4758882,1,0.004815,0.715287
TKM,TKM,35,16,51,15717652,213646,15931298,4,0.002339,0.888151
GMB,GMB,49,23,72,16364838,194817,16559655,1,0.003389,0.775141
NCL,NCL,77,22,99,8637586,190899,8828485,1,0.004814,0.736111
PSE,PSE,13,8,21,1732576,171306,1903882,1,0.001196,0.918301
TKL,TKL,9,14,23,128707,163138,291845,0,0.001315,0.80117
FRO,FRO,90,16,106,5441315,159681,5600996,0,0.005755,0.65516
MDV,MDV,43,25,68,5021859,152893,5174752,4,0.002551,0.915918
PYF,PYF,78,26,104,10513420,137524,10650944,1,0.004472,0.748709
SLE,SLE,45,35,80,7890118,132248,8022366,4,0.002905,0.79435
CUB,CUB,92,37,129,71269565,120103,71389668,1,0.005511,0.667273
BMU,BMU,37,15,52,2587561,118872,2706433,2,0.002523,0.886489
LCA,LCA,61,24,85,4754248,117165,4871413,3,0.004404,0.75024
UMI,UMI,9,8,17,84638,113367,198005,2,0.001231,0.828571
DJI,DJI,37,10,47,7166800,112125,7278925,4,0.00246,0.922561
ABW,ABW,47,25,72,2841484,110486,2951970,1,0.003191,0.762013
SOM,SOM,27,7,34,4934170,104673,5038843,1,0.001798,0.933333
BHS,BHS,58,32,90,11880790,104015,11984805,3,0.003771,0.770736
COD,COD,42,22,64,19846239,102641,19948880,1,0.003254,0.829952
PNG,PNG,44,18,62,12770839,97361,12868200,1,0.00303,0.766844
STP,STP,27,12,39,646038,94891,740929,1,0.002248,0.85914
MYT,MYT,62,6,68,2411331,92735,2504066,0,0.003865,0.823109
AGO,AGO,60,14,74,34528924,92646,34621570,1,0.003672,0.793231
ASM,ASM,20,14,34,467647,86266,553913,1,0.001722,0.811667
MRT,MRT,52,22,74,21820881,68740,21889621,1,0.003148,0.827604
DMA,DMA,51,37,88,2219681,68152,2287833,1,0.004102,0.668765
GUM,GUM,24,12,36,3831636,67470,3899106,2,0.001718,0.92735
AFG,AFG,43,37,80,21594315,64174,21658489,4,0.002732,0.792373
MNP,MNP,16,10,26,4127247,60813,4188060,1,0.001338,0.92381
VGB,VGB,36,26,62,639165,58118,697283,0,0.002722,0.752549
GRL,GRL,66,10,76,5854556,57623,5912179,0,0.004438,0.767909
BDI,BDI,39,13,52,1665136,53089,1718225,4,0.003032,0.845515
IRQ,IRQ,46,7,53,73246255,51992,73298247,0,0.002833,0.89406
SHN,SHN,8,12,20,116392,50441,166833,0,0.001077,0.875817
TCA,TCA,20,10,30,478126,49808,527934,0,0.001804,0.879447
BTN,BTN,14,11,25,369768,49671,419439,2,0.001255,0.914286
NFK,NFK,9,4,13,73640,49455,123095,1,0.00106,1
RWA,RWA,48,10,58,8454452,44949,8499401,1,0.00309,0.815476
CXR,CXR,7,9,16,146176,38391,184567,2,0.000931,0.909524
ERI,ERI,53,15,68,3961940,38192,4000132,4,0.003548,0.823701
COG,COG,48,20,68,12855535,35731,12891266,1,0.003455,0.778571
NRU,NRU,13,10,23,63439,34035,97474,1,0.001206,0.841897
TLS,TLS,15,7,22,1228044,28401,1256445,1,0.001332,0.961988
KNA,KNA,47,25,72,1420284,26730,1447014,3,0.003971,0.68961
CYM,CYM,31,15,46,1492216,22126,1514342,1,0.002459,0.846373
GNB,GNB,24,6,30,2865699,21130,2886829,1,0.002033,0.757835
TCD,TCD,36,9,45,4450739,18425,4469164,1,0.002402,0.88478
AIA,AIA,38,12,50,291488,18196,309684,3,0.003439,0.706131
PLW,PLW,7,4,11,183197,16436,199633,1,0.000979,0.922222
KIR,KIR,11,5,16,339394,15472,354866,1,0.001195,0.901099
PCN,PCN,4,6,10,115800,15334,131134,0,0.00087,0.75
ATF,ATF,5,4,9,52026,13506,65532,0,0.000944,0.732143
WLF,WLF,28,2,30,197323,12643,209966,0,0.002121,0.923645
CCK,CCK,4,8,12,11392,10078,21470,0,0.00083,0.990909
MHL,MHL,20,8,28,390901,9700,400601,1,0.001532,0.913333
COK,COK,19,10,29,1057095,9268,1066363,1,0.001603,0.971861
SLB,SLB,21,10,31,1127331,8564,1135895,1,0.001681,0.843305
SYC,SYC,47,15,62,3479735,8268,3488003,0,0.003034,0.836727
COM,COM,28,7,35,1909992,8214,1918206,4,0.0026,0.863301
IOT,IOT,2,11,13,2733,7454,10187,0,0.00079,0.818182
NIU,NIU,6,4,10,10038,6634,16672,1,0.000917,0.766667
TON,TON,21,10,31,446605,3668,450273,1,0.001759,0.849003
VUT,VUT,22,4,26,828336,2322,830658,1,0.001796,0.929348
TUV,TUV,6,6,12,124941,1808,126749,1,0.000975,0.833333
FLK,FLK,10,7,17,43827,1268,45095,0,0.001126,0.971429
SPM,SPM,9,4,13,234787,1044,235831,1,0.001125,0.865385
MSR,MSR,20,7,27,574240,893,575133,0,0.001959,0.835145
VAT,VAT,5,7,12,14119,569,14688,0,0.000899,0.927273
SGS,SGS,4,2,6,20455,8,20463,0,0.000832,1
ESH,ESH,0,2,2,0,4,4,0,0.00067,1
