USA,USA,185,203,388,3.53E+11,37342036776,3.91E+11,0,0.33548
MEX,MEX,129,129,258,70327680905,3.15E+11,3.85E+11,0,0.485669
CHN,CHN,137,209,346,2062357225,44532175915,46594533140,1,0.338218
CAN,CAN,180,181,361,2424139352,13807954370,16232093722,0,0.362513
JPN,JPN,128,181,309,4297677975,11542325975,15840003950,1,0.409926
DEU,DEU,178,217,395,4962290831,9343030283,14305321114,1,0.315028
KOR,KOR,129,184,313,748007869,9820190123,10568197992,0,0.391199
GBR,GBR,159,203,362,4939659844,2421427042,7361086886,1,0.343886
FRA,FRA,171,198,369,3743913752,3175350795,6919264547,1,0.342714
ITA,ITA,135,201,336,1624723245,3385187148,5009910393,1,0.354607
BEL,BEL,129,193,322,1761845409,2677467994,4439313403,1,0.377864
NLD,NLD,134,193,327,2297181118,1848936227,4146117345,1,0.379841
CZE,CZE,145,153,298,2275515232,1006112685,3281627917,1,0.423929
ESP,ESP,153,188,341,1741703224,1311960245,3053663469,1,0.378773
MYS,MYS,89,170,259,395888980,1997512349,2393401329,1,0.446715
THA,THA,126,204,330,349184743,1755862099,2105046842,1,0.345418
IDN,IDN,86,195,281,355835246,1433888773,1789724019,1,0.37346
POL,POL,173,164,337,859194873,886595444,1745790317,1,0.354982
TUR,TUR,109,168,277,362999451,1328262681,1691262132,1,0.443392
AUT,AUT,160,182,342,765020549,891496618,1656517167,1,0.369309
AUS,AUS,131,174,305,1286254639,217312725,1503567364,1,0.395995
SGP,SGP,106,169,275,567873312,898990106,1466863418,1,0.440832
CHE,CHE,144,192,336,694568449,622846548,1317414997,1,0.372815
ISR,ISR,79,132,211,580853539,729505263,1310358802,1,0.551397
SWE,SWE,119,175,294,684359533,521412910,1205772443,1,0.412786
IND,IND,102,197,299,268795690,932623567,1201419257,1,0.373459
DNK,DNK,126,186,312,572366373,593298229,1165664602,1,0.396628
ARE,ARE,105,158,263,661705566,448716891,1110422457,1,0.464325
RUS,RUS,115,127,242,939120158,101751165,1040871323,1,0.550694
BRA,BRA,107,171,278,354695879,651595878,1006291757,1,0.433905
IRL,IRL,134,138,272,607637603,259585420,867223023,1,0.460163
VNM,VNM,82,165,247,241515092,603324720,844839812,1,0.455981
HUN,HUN,99,129,228,467030209,366224277,833254486,1,0.541613
SAU,SAU,82,117,199,535672792,284064580,819737372,1,0.579171
PHL,PHL,83,148,231,426966149,372373759,799339908,1,0.484533
SVK,SVK,117,123,240,608442522,169547384,777989906,1,0.513314
GRC,GRC,103,133,236,565271761,169316322,734588083,1,0.564183
PRT,PRT,101,163,264,395824385,329310314,725134699,1,0.440828
ROU,ROU,110,125,235,435073731,262494849,697568580,1,0.522179
ZAF,ZAF,149,171,320,294023060,311109529,605132589,1,0.416943
NOR,NOR,111,138,249,400321314,177552736,577874050,1,0.530472
UKR,UKR,96,131,227,319026100,109844502,428870602,1,0.537199
BGD,BGD,71,121,192,93805130,326569157,420374287,1,0.582739
PAK,PAK,84,162,246,83190204,307912220,391102424,1,0.451771
CHL,CHL,94,98,192,235844469,134541927,370386396,1,0.635159
CRI,CRI,95,81,176,100731519,267763212,368494731,1,0.633105
COL,COL,100,123,223,156287783,202170246,358458029,1,0.502516
FIN,FIN,120,149,269,253657478,102987965,356645443,1,0.480293
ARG,ARG,83,131,214,166699172,183668746,350367918,1,0.570098
NZL,NZL,109,138,247,216770914,128491000,345261914,1,0.455335
DOM,DOM,88,88,176,152837291,181107337,333944628,0,0.599363
GTM,GTM,80,72,152,170970497,162554936,333525433,1,0.674828
LTU,LTU,72,98,170,120585706,176296313,296882019,1,0.664887
LUX,LUX,75,128,203,102129652,189189799,291319451,1,0.557269
SVN,SVN,134,110,244,155623829,115454021,271077850,1,0.503718
KAZ,KAZ,81,62,143,253814031,15006072,268820103,1,0.739247
LKA,LKA,68,142,210,94818940,167823540,262642480,1,0.534105
BGR,BGR,91,135,226,129893490,128810281,258703771,1,0.536255
MAR,MAR,85,116,201,141105156,101946793,243051949,1,0.582697
IRN,IRN,73,126,199,134840802,102004491,236845293,1,0.572226
HND,HND,78,62,140,111310709,118073095,229383804,1,0.705811
EGY,EGY,83,137,220,94870365,107104648,201975013,1,0.55668
HRV,HRV,121,87,208,141688514,51530156,193218670,1,0.546623
VEN,VEN,92,84,176,129968423,53728532,183696955,1,0.653044
DZA,DZA,87,37,124,181171931,1048221,182220152,1,0.708441
PAN,PAN,81,71,152,140319045,31705470,172024515,1,0.691129
SLV,SLV,63,70,133,90171197,81680806,171852003,1,0.760163
PER,PER,100,89,189,83409930,88226521,171636451,1,0.625525
EST,EST,114,94,208,79396594,83842636,163239230,1,0.540358
ECU,ECU,90,92,182,125551525,35910568,161462093,1,0.628551
KHM,KHM,48,97,145,98317863,60739951,159057814,1,0.711784
SCG,SCG,114,84,198,112106407,44705742,156812149,1,0.544009
JOR,JOR,74,86,160,109420531,45771763,155192294,1,0.736377
TUN,TUN,95,121,216,87214563,65839037,153053600,1,0.56171
BLR,BLR,74,82,156,53567009,94267955,147834964,1,0.736034
KWT,KWT,90,83,173,124252941,18583291,142836232,1,0.666421
SYR,SYR,59,106,165,62498645,70512161,133010806,1,0.636364
IRQ,IRQ,52,13,65,110331984,21688963,132020947,1,0.88961
URY,URY,74,65,139,42378753,87138442,129517195,1,0.732174
SDN,SDN,73,16,89,124197061,235970,124433031,1,0.755437
LVA,LVA,79,82,161,71888063,44057187,115945250,1,0.690101
TTO,TTO,89,60,149,99065990,16439723,115505713,1,0.623957
LBN,LBN,107,119,226,74990180,31759185,106749365,1,0.493987
YEM,YEM,69,39,108,105867560,860181,106727741,1,0.668519
MLT,MLT,79,105,184,35421748,70114280,105536028,1,0.647601
SWZ,SWZ,28,38,66,84511814,14593499,99105313,1,0.717959
BIH,BIH,98,64,162,73798356,21380562,95178918,1,0.63787
GHA,GHA,95,55,150,87591715,4567144,92158859,1,0.605922
CUB,CUB,74,43,117,90807131,224872,91032003,1,0.78471
KEN,KEN,65,86,151,43632332,44785763,88418095,1,0.587454
MOZ,MOZ,68,28,96,86650520,729471,87379991,1,0.712884
NAM,NAM,56,50,106,83090711,3854760,86945471,1,0.652939
CIV,CIV,83,64,147,21635143,58846331,80481474,1,0.651515
TZA,TZA,87,61,148,71614356,7894626,79508982,1,0.598996
KGZ,KGZ,47,52,99,59803011,17592047,77395058,1,0.841259
NGA,NGA,78,60,138,67152461,10008803,77161264,1,0.711198
NIC,NIC,81,44,125,59240132,17565332,76805464,1,0.791036
PRY,PRY,70,52,122,55187295,18961283,74148578,1,0.732788
QAT,QAT,71,62,133,55204800,17901978,73106778,1,0.778386
CYP,CYP,104,114,218,59752973,8410750,68163723,1,0.560774
GUY,GUY,53,23,76,67030040,497102,67527142,1,0.684076
MKD,MKD,81,63,144,40723694,25343190,66066884,1,0.742851
AZE,AZE,65,33,98,50983717,11077664,62061381,1,0.816396
OMN,OMN,63,84,147,37247056,16636373,53883429,1,0.716886
SEN,SEN,75,72,147,38253711,14569076,52822787,1,0.600719
ABW,ABW,48,22,70,2945828,49083487,52029315,0,0.783117
BHR,BHR,73,70,143,35658179,16274288,51932467,1,0.770162
ALB,ALB,64,56,120,43987062,5884920,49871982,1,0.790896
JAM,JAM,78,70,148,41663006,6617559,48280565,1,0.656428
ZWE,ZWE,64,51,115,27333928,16857085,44191013,1,0.702324
TGO,TGO,57,48,105,27927562,15019741,42947303,1,0.728286
CMR,CMR,74,55,129,39462724,3283667,42746391,1,0.716077
BOL,BOL,70,59,129,38251972,3712340,41964312,1,0.769798
LBY,LBY,63,11,74,40729263,64207,40793470,1,0.876224
MDG,MDG,79,73,152,33624243,6779756,40403999,1,0.676956
MDA,MDA,74,61,135,20356440,18432924,38789364,1,0.833025
MUS,MUS,81,99,180,28544369,10238038,38782407,1,0.60691
GIN,GIN,63,32,95,37936530,789817,38726347,1,0.736764
MMR,MMR,29,72,101,15853122,22840247,38693369,1,0.849151
MNG,MNG,52,42,94,8363963,27945083,36309046,0,0.889145
FJI,FJI,50,44,94,27489263,7028726,34517989,1,0.59251
PRK,PRK,28,90,118,12318726,22097504,34416230,1,0.618477
MLI,MLI,65,32,97,31147549,3158899,34306448,1,0.745624
AGO,AGO,63,14,77,33898047,90405,33988452,1,0.812528
ETH,ETH,100,41,141,33231110,617789,33848899,1,0.607008
ISL,ISL,89,90,179,27092128,4957591,32049719,1,0.687819
MRT,MRT,50,23,73,29038160,104625,29142785,1,0.823349
AFG,AFG,52,37,89,28708284,48569,28756853,1,0.826323
BEN,BEN,65,19,84,27411894,277295,27689189,1,0.72849
BFA,BFA,58,24,82,26673954,982887,27656841,1,0.817204
BWA,BWA,46,31,77,20755305,6289485,27044790,1,0.810656
UGA,UGA,67,36,103,24273779,2729652,27003431,1,0.736316
GEO,GEO,73,49,122,24661077,1076642,25737719,1,0.780638
ZMB,ZMB,60,31,91,18436449,6670775,25107224,1,0.780051
BRN,BRN,51,44,95,23934056,738023,24672079,1,0.790923
COD,COD,45,21,66,23205661,92011,23297672,1,0.781205
BLZ,BLZ,59,25,84,19971450,3270670,23242120,1,0.803807
UZB,UZB,49,30,79,21608647,727862,22336509,1,0.894132
NPL,NPL,37,56,93,9606045,12559827,22165872,1,0.857911
SLB,SLB,24,8,32,20471880,5604,20477484,1,0.882796
BRB,BRB,92,53,145,16748673,2422117,19170790,1,0.612271
GMB,GMB,51,21,72,18507699,93589,18601288,1,0.762929
TJK,TJK,31,20,51,17612873,284118,17896991,1,0.95061
PNG,PNG,55,23,78,17179331,674644,17853975,1,0.666314
LSO,LSO,27,20,47,7855489,8883141,16738630,1,0.879801
SUR,SUR,56,35,91,16383094,301782,16684876,1,0.738095
HTI,HTI,45,37,82,10023024,5784248,15807272,1,0.79661
BHS,BHS,62,32,94,14677291,319735,14997026,1,0.782182
TKM,TKM,36,19,55,14786097,205552,14991649,1,0.895903
WSM,WSM,29,10,39,14845260,20273,14865533,1,0.756629
MWI,MWI,60,36,96,10259790,4322075,14581865,1,0.718438
COG,COG,59,15,74,13879238,53298,13932536,1,0.77701
ARM,ARM,61,31,92,10778916,2307093,13086009,1,0.889904
NER,NER,63,36,99,5918886,6562987,12481873,0,0.732613
GAB,GAB,57,34,91,11377492,196793,11574285,1,0.719462
PYF,PYF,79,23,102,10635275,170856,10806131,1,0.756741
LAO,LAO,25,61,86,5383330,5388338,10771668,1,0.886247
AND,AND,89,49,138,8437184,1154590,9591774,1,0.733537
NCL,NCL,81,28,109,8889095,245127,9134222,1,0.745443
MDV,MDV,44,29,73,8021318,105813,8127131,1,0.919216
SLE,SLE,49,34,83,7561518,501948,8063466,1,0.830328
LBR,LBR,53,12,65,7773572,101849,7875421,1,0.845433
RWA,RWA,45,19,64,7729257,22660,7751917,1,0.80014
SOM,SOM,20,8,28,7301966,26525,7328491,1,0.893846
DJI,DJI,41,12,53,7094558,61925,7156483,1,0.90628
COK,COK,17,10,27,6973798,15280,6989078,1,0.887681
ANT,ANT,56,39,95,6025941,911458,6937399,1,0.788442
LCA,LCA,76,22,98,6162741,391064,6553805,1,0.705229
GRL,GRL,24,8,32,6538065,3672,6541737,1,0.969231
CPV,CPV,35,9,44,6091151,300355,6391506,1,0.973684
GUM,GUM,24,13,37,5932466,284284,6216750,1,0.891626
FSM,FSM,24,9,33,4110558,2075310,6185868,1,0.693122
FRO,FRO,86,19,105,4632240,361056,4993296,1,0.723803
MNP,MNP,15,14,29,4537590,219299,4756889,1,0.941558
BDI,BDI,36,16,52,3691803,909546,4601349,1,0.85
GNB,GNB,21,2,23,3792048,49006,3841054,1,0.880952
TCA,TCA,20,14,34,3705136,105295,3810431,1,0.880342
GRD,GRD,58,22,80,3359071,94911,3453982,1,0.802579
BMU,BMU,37,18,55,3272903,2846,3275749,1,0.925668
SYC,SYC,53,27,80,3012112,121539,3133651,1,0.85854
VCT,VCT,65,21,86,2416371,445138,2861509,1,0.708077
ERI,ERI,37,10,47,2719825,4105,2723930,1,0.909408
DMA,DMA,52,36,88,2522694,152161,2674855,1,0.6875
CAF,CAF,35,14,49,2119137,342871,2462008,1,0.871341
MYT,MYT,63,8,71,2373398,61959,2435357,1,0.807292
KNA,KNA,51,23,74,1519412,666919,2186331,1,0.693922
TLS,TLS,18,27,45,1593147,355396,1948543,1,0.810084
GNQ,GNQ,28,5,33,1842910,2129,1845039,1,0.921182
PSE,PSE,15,5,20,1706141,47089,1753230,1,1
CYM,CYM,29,17,46,1712719,7309,1720028,1,0.82958
ATG,ATG,51,25,76,1435688,49031,1484719,1,0.767857
VGB,VGB,36,30,66,1032411,415921,1448332,1,0.762745
COM,COM,30,10,40,1313858,12460,1326318,1,0.828571
SMR,SMR,21,19,40,472269,636641,1108910,1,0.96
GIB,GIB,28,10,38,977110,86678,1063788,1,0.983871
AIA,AIA,43,14,57,1013974,8887,1022861,1,0.76773
TCD,TCD,31,12,43,851151,31620,882771,1,0.836415
BTN,BTN,19,9,28,806284,47739,854023,1,0.987692
VUT,VUT,21,5,26,831545,914,832459,1,0.87747
TON,TON,21,6,27,804963,564,805527,1,0.855
STP,STP,24,12,36,555439,8631,564070,1,0.870968
ASM,ASM,18,17,35,473404,19697,493101,1,0.720798
MHL,MHL,20,8,28,364050,5242,369292,1,0.910769
KIR,KIR,18,8,26,359964,8355,368319,1,0.91342
UMI,UMI,7,15,22,111110,232658,343768,1,0.833333
WLF,WLF,23,1,24,257753,18,257771,1,0.936759
SPM,SPM,9,2,11,239587,526,240113,1,0.963636
ESH,ESH,1,3,4,4820,230948,235768,0,1
SHN,SHN,8,18,26,184330,24002,208332,1,0.878571
TKL,TKL,7,21,28,58994,142307,201301,1,0.936759
MSR,MSR,19,11,30,173238,12221,185459,1,0.83004
TUV,TUV,11,7,18,160447,1218,161665,1,0.838235
CXR,CXR,7,5,12,114872,7056,121928,1,0.890909
NIU,NIU,7,8,15,93779,5897,99676,1,0.956044
PLW,PLW,8,2,10,91045,1403,92448,1,0.9
FLK,FLK,5,4,9,75872,1505,77377,1,1
NFK,NFK,9,4,13,56818,1067,57885,1,0.974359
NRU,NRU,10,8,18,38121,12471,50592,1,0.893382
ATF,ATF,7,4,11,48122,2445,50567,1,0.972222
CCK,CCK,6,9,15,23774,12749,36523,1,0.851648
VAT,VAT,6,6,12,1655,32862,34517,0,0.977778
PCN,PCN,7,5,12,30259,2191,32450,1,0.854545
SGS,SGS,3,1,4,18342,4,18346,1,0.916667
IOT,IOT,1,16,17,1842,9203,11045,1,0.709559
